003
1.32
PD300-0145
002308 002237 002225
2.00 2.00 2.00
CAFM95
13.03.2020
09:27:09
010
10000
03010
1
02050
01513
0500
3000
0068
0308
03161
01658
3
1
0
0
0
0
+00.0
000.0
+00.0
000.0
0
0
0
0
0
000
00000
0
0
000
000
00000
0
0
0
000
00000


0
0
0
00000
000
00000
0
000
000
000
00000
00000
000
000
00000
000
000
00000
000
000
00000
0
0
0
00000
00000
000
000
00.0
000
000
000
00000
000
000
0
0
0
00000
000
00000
000
000
0
0
0
00000
00000
00000
00000
00000
00000
0
0
000
00000
000
0
000
00000
000
0
00000
000000


EB1
1.1-1.5
00000-00000: 
00000-00000: 
00000-00000: 
00000-00000: 
00000-00000: 
00000-00000: 
3-member connection





00000;00000
00000;00000
00000;00000
00000;00000
00000;00000
00000;00000
00000;00000
00000;00000
00000;00000
00000;00000
00000;00000
00000;00000
00000;00000
00000;00000
00000;00000
00000;00000
00000;00000
00000;00006
00000;00020
00000;00034
00000;00055
00000;00080
00002;00114
00015;00170
00043;00257
00086;00365
00139;00485
00202;00621
00278;00768
00362;00946
00463;01144
00574;01350
00698;01558
00831;01754
00951;01939
01065;02107
01184;02251
01304;02381
01415;02487
01510;02538
01587;02548
01635;02536
01658;02493
01653;02439
01636;02359
01598;02261
01535;02160
01453;02038
01364;01920
01281;01843
01200;01791
01130;01780
01074;01814
01042;01967
01024;02096
01029;02200
01057;02320
01109;02470
01169;02608
01230;02707
01291;02786
01352;02821
01403;02824
01439;02686
01470;02569
01489;02473
01484;02359
01462;02215
01424;02076
01388;01952
01342;01846
01285;01769
01224;01733
01170;01748
01119;01790
01080;01872
01063;01994
01063;02149
01084;02316
01123;02491
01179;02669
01260;02805
01346;02923
01431;02988
01504;03006
01560;02990
01594;02939
01617;02839
01614;02731
01592;02611
01567;02470
01527;02341
01471;02189
01410;02053
01350;01946
01294;01843
01242;01747
01192;01702
01151;01688
01116;01724
01085;01799
01069;01899
01087;02025
01125;02171
01177;02325
01227;02491
01282;02651
01339;02825
01400;02945
01463;03003
01517;03007
01564;02988
01603;02960
01621;02897
01610;02796
01593;02685
01568;02566
01545;02395
01507;02251
01457;02115
01413;02002
01360;01897
01291;01802
01227;01764
01186;01783
01161;01829
01161;01906
01166;01999
01190;02107
01224;02220
01257;02320
01295;02410
01338;02475
01381;02498
01419;02494
01445;02450
01457;02384
01450;02304
01428;02207
01392;02118
01357;02036
01322;01968
01287;01898
01243;01830
01196;01769
01151;01719
01104;01685
01065;01684
01044;01705
01034;01741
01028;01803
01029;01872
01038;01965
01064;02077
01099;02182
01139;02287
01186;02372
01229;02427
01261;02459
01289;02466
01315;02444
01342;02405
01356;02336
01362;02249
01353;02158
01338;02070
01315;01993
01295;01910
01276;01825
01256;01734
01229;01651
01194;01591
01156;01566
01127;01572
01113;01600
01099;01629
01098;01680
01097;01764
01106;01839
01122;01927
01138;02015
01153;02091
01173;02158
01185;02183
01198;02180
01213;02175
01218;02147
01219;02079
01209;02020
01189;01958
01171;01908
01154;01850
01141;01794
01135;01769
01122;01779
01108;01821
01103;01881
01112;01970
01127;02052
01154;02130
01184;02199
01208;02264
01230;02304
01249;02318
01263;02311
01275;02266
01280;02217
01275;02145
01265;02077
01247;02016
01221;01957
01209;01899
01198;01876
01181;01870
01176;01867
01179;01860
01181;01841
01183;01872
01185;01927
01189;01993
01204;02070
01217;02155
01232;02224
01249;02282
01259;02319
01262;02358
01260;02386
01254;02363
01253;02322
01252;02261
01244;02185
01233;02106
01216;02023
01201;01952
01186;01893
01184;01848
01191;01826
01202;01823
01217;01849
01225;01897
01231;01963
01237;02047
01251;02138
01273;02235
01294;02343
01308;02440
01316;02503
01325;02549
01320;02559
01321;02542
01325;02498
01327;02427
01316;02348
01294;02247
01275;02136
01254;02032
01243;01954
01223;01895
01216;01843
01211;01803
01205;01789
01205;01800
01218;01831
01231;01868
01244;01928
01258;02014
01262;02111
01274;02200
01279;02287
01288;02348
01291;02392
01286;02421
01282;02419
01272;02412
01257;02380
01238;02318
01220;02247
01201;02177
01185;02122
01168;02099
01167;02071
01173;02041
01172;02021
01176;02000
01188;01987
01198;01985
01213;01984
01236;01980
01250;01978
01256;01976
01260;01992
01264;02008
01273;02030
01282;02062
01292;02099
01303;02133
01311;02168
01321;02218
01333;02266
01344;02303
01348;02348
01346;02395
01344;02431
01338;02459
01329;02475
01322;02488
01315;02490
01298;02480
01282;02455
01271;02433
01262;02384
01255;02330
01242;02274
01226;02221
01212;02169
01198;02113
01183;02066
01176;02022
01172;01990
01168;01957
01167;01933
01164;01925
01164;01917
01171;01904
01187;01913
01192;01916
01198;01915
01202;01914
01205;01907
01204;01901
01204;01897
01204;01878
01205;01864
01206;01863
01198;01845
01201;01841
01206;01830
01204;01817
01207;01806
01213;01804
01215;01805
01223;01807
01231;01808
01232;01815
01239;01817
01238;01819
01238;01830
01242;01835
01246;01838
01250;01834
01251;01830
01248;01828
01248;01831
01256;01841
01254;01851
01260;01846
01266;01844
01271;01837
01269;01842
01261;01860
01257;01869
01257;01879
01255;01887
01251;01876
01251;01871
01248;01883
01245;01887
01243;01893
01248;01891
01258;01875
01264;01862
01267;01850
01267;01842
01267;01839
01264;01832
01265;01863
01264;02018
01262;02161
01257;02219
01252;02232
01249;02278
01245;02343
01242;02354
01245;02353
01248;02353
01245;02307
01242;02159
01238;02020
01235;01974
01228;01978
01222;01940
01216;01890
01215;01889
01206;01900
01197;01917
01193;01949
01188;01984
01181;02021
01171;02038
01169;02058
01167;02088
01164;02119
01158;02156
01151;02185
01145;02188
01144;02159
01145;02072
01138;01945
01117;01802
01077;01639
01021;01453
00957;01254
00886;01052
00812;00867
00742;00721
00668;00590
00590;00506
00521;00491
00476;00534
00453;00610
00455;00741
00480;01006
00524;01315
00584;01596
00651;01833
00734;02087
00834;02372
00940;02628
01055;02846
01176;03032
01300;03161
01408;03133
01506;03004
01582;02842
01623;02676
01628;02482
01600;02243
01554;02008
01480;01771
01393;01550
01284;01339
01174;01155
01067;01020
00965;00928
00880;00875
00820;00838
00779;00804
00746;00774
00727;00754
00711;00744
00704;00752
00701;00751
00698;00757
00697;00767
00697;00800
00700;00855
00702;00879
00709;00898
00715;00998
00722;01109
00731;01201
00739;01247
00749;01285
00762;01390
00772;01554
00779;01620
00788;01719
00802;01870
00838;02056
00872;02210
00913;02318
00960;02469
01012;02636
01078;02741
01146;02732
01224;02736
01292;02705
01344;02609
01360;02374
01363;02133
01343;01948
01302;01756
01244;01555
01166;01345
01087;01155
00994;01030
00908;00939
00828;00867
00760;00820
00712;00794
00681;00780
00664;00782
00658;00793
00659;00821
00662;00865
00668;00920
00679;01017
00696;01134
00722;01275
00753;01426
00788;01590
00834;01789
00891;01991
00967;02186
01054;02390
01152;02661
01241;02787
01329;02795
01396;02750
01437;02692
01459;02581
01457;02404
01446;02207
01399;01987
01327;01756
01238;01439
01150;01223
01050;01106
00964;01006
00895;00912
00834;00853
00785;00826
00736;00819
00701;00833
00684;00833
00674;00852
00668;00906
00663;00984
00661;01098
00665;01239
00683;01402
00716;01582
00765;01759
00836;01972
00907;02187
00993;02394
01085;02563
01186;02676
01292;02733
01388;02703
01451;02606
01472;02471
01470;02317
01427;02120
01375;01920
01305;01705
01228;01499
01140;01327
01042;01172
00942;01071
00859;01018
00809;00982
00768;00964
00742;00955
00722;00954
00708;00971
00699;00998
00693;01034
00690;01117
00689;01232
00696;01370
00715;01539
00746;01716
00794;01917
00856;02116
00934;02295
01019;02444
01108;02561
01204;02637
01289;02622
01350;02545
01384;02418
01399;02272
01384;02083
01345;01873
01280;01671
01200;01496
01117;01351
01023;01210
00934;01142
00861;01126
00802;01169
00754;01243
00734;01360
00746;01498
00777;01642
00824;01772
00877;01884
00935;01986
00993;02068
01061;02111
01126;02089
01186;02014
01220;01896
01223;01770
01205;01635
01172;01497
01125;01369
01069;01275
01012;01218
00948;01221
00893;01279
00846;01374
00827;01526
00838;01683
00867;01834
00902;01987
00950;02118
01013;02200
01078;02222
01133;02183
01169;02094
01199;01983
01202;01828
01186;01674
01152;01535
01111;01437
01061;01372
01011;01346
00964;01333
00931;01340
00909;01380
00887;01423
00885;01464
00888;01491
00894;01504
00905;01475
00918;01433
00919;01371
00917;01336
00900;01322
00882;01314
00870;01310
00859;01311
00852;01313
00851;01340
00851;01371
00855;01408
00860;01430
00863;01427
00879;01399
00897;01361
00900;01346
00897;01358
00892;01390
00885;01401
00881;01425
00881;01448
00887;01506
00899;01577
00912;01650
00930;01705
00959;01709
00986;01668
01006;01601
01011;01534
01011;01462
01007;01389
00989;01330
00964;01313
00932;01320
00905;01351
00884;01405
00878;01482
00883;01576
00907;01677
00932;01758
00958;01825
00997;01838
01036;01799
01072;01729
01085;01639
01075;01568
01052;01520
01021;01485
00986;01469
00957;01490
00934;01508
00921;01557
00912;01640
00909;01744
00923;01836
00957;01881
00995;01891
01028;01859
01058;01805
01070;01760
01061;01745
01039;01756
01024;01746
01021;01707
01032;01675
01026;01680
01017;01685
01017;01710
01013;01727
01025;01707
01047;01658
01063;01568
01068;01483
01062;01404
01037;01335
01017;01266
00999;01218
00970;01200
00951;01224
00932;01273
00912;01341
00921;01422
00939;01489
00956;01567
00975;01631
00992;01682
01010;01715
01037;01709
01060;01684
01074;01619
01077;01533
01059;01448
01035;01361
01006;01278
00971;01219
00937;01181
00904;01179
00870;01216
00840;01259
00829;01361
00833;01493
00853;01634
00883;01795
00926;01945
00985;02083
01046;02187
01114;02230
01179;02240
01239;02206
01283;02121
01314;02004
01321;01859
01306;01696
01271;01544
01225;01403
01176;01287
01118;01210
01056;01165
00995;01159
00945;01208
00908;01309
00898;01456
00912;01631
00942;01843
00981;02024
01031;02181
01087;02311
01151;02386
01215;02425
01265;02409
01311;02331
01330;02196
01328;02024
01310;01811
01279;01624
01231;01452
01179;01297
01117;01180
01047;01079
00988;01012
00924;00995
00875;01026
00841;01101
00820;01203
00816;01334
00827;01463
00851;01579
00881;01683
00916;01780
00950;01857
00988;01894
01023;01898
01052;01863
01082;01804
01090;01709
01087;01617
01072;01534
01053;01454
01028;01394
01005;01349
00979;01319
00959;01306
00939;01320
00912;01385
00905;01507
00909;01618
00925;01749
00948;01900
00986;02019
01020;02093
01055;02138
01084;02154
01106;02141
01133;02073
01151;01949
01161;01822
01149;01687
01125;01537
01091;01424
01055;01378
01013;01375
00980;01407
00962;01475
00947;01537
00933;01566
00916;01595
00912;01613
00910;01635
00917;01650
00929;01627
00943;01580
00950;01505
00946;01399
00932;01302
00918;01255
00907;01237
00896;01243
00890;01264
00882;01302
00879;01371
00879;01469
00887;01618
00909;01782
00952;01948
00999;02073
01041;02163
01090;02238
01135;02258
01180;02239
01214;02176
01242;02073
01247;01946
01235;01856
01201;01790
01173;01791
01159;01817
01153;01814
01143;01820
01133;01821
01118;01836
01102;01871
01108;01874
01116;01832
01128;01763
01116;01683
01097;01630
01076;01624
01062;01621
01055;01622
01050;01623
01047;01641
01033;01683
01020;01694
01017;01682
01016;01647
01007;01586
00988;01489
00957;01377
00910;01253
00853;01113
00794;00948
00742;00765
00689;00617
00618;00494
00547;00372
00481;00252
00414;00146
00345;00075
00282;00033
00232;00009
00187;00000
00144;00000
00103;00000
00072;00000
00048;00000
00030;00000
00015;00000
00006;00000
00003;00000
00000;00000
00000;00000
00000;00000
00000;00000
00000;00000
00000;00000
00000;00000
00000;00000
00003;00000
00011;00008
00025;00026
00046;00055
00076;00095
00112;00143
00154;00198
00208;00259
00270;00316
00331;00368
00395;00415
00462;00469
00520;00520
00561;00571
00595;00627
00626;00693
00658;00767
00681;00849
00707;00933
00733;01025
00755;01139
00775;01238
00802;01327
00840;01401
00876;01457
00911;01514
00936;01562
00954;01588
00968;01600
00983;01615
00993;01626
01005;01619
01019;01606
01025;01592
01026;01579
01028;01545
01033;01505
01037;01465
01032;01432
01028;01387
01029;01312
01017;01248
00995;01191
00975;01127
00960;01058
00940;00990
00913;00925
00890;00870
00879;00822
00867;00792
00848;00800
00836;00819
00829;00862
00830;00923
00837;00998
00848;01079
00868;01178
00889;01291
00905;01388
00917;01479
00933;01549
00953;01609
00972;01643
00991;01668
00999;01678
01003;01682
01009;01654
01008;01602
01008;01567
01011;01514
01016;01459
01019;01408
01018;01373
01012;01348
01009;01320
01012;01302
01020;01313
01033;01347
01048;01387
01063;01440
01080;01489
01097;01543
01115;01588
01133;01628
01148;01677
01163;01710
01174;01729
01188;01735
01193;01731
01200;01721
01203;01702
01207;01678
01208;01654
01209;01621
01204;01592
01193;01559
01184;01508
01175;01451
01161;01394
01141;01329
01114;01278
01083;01224
01059;01166
01038;01118
01023;01064
01010;01026
00987;01000
00953;00972
00930;00934
00907;00911
00888;00899
00873;00896
00861;00904
00849;00929
00840;00961
00837;00997
00848;01043
00865;01109
00883;01208
00905;01297
00932;01369
00959;01438
00982;01506
00999;01562
01016;01607
01029;01634
01038;01667
01041;01726
01048;01720
01058;01701
01061;01690
01064;01677
01061;01684
01066;01667
01069;01640
01074;01622
01073;01584
01072;01510
01063;01476
01052;01456
01043;01431
01038;01392
01030;01329
01013;01279
01001;01239
00988;01207
00983;01172
00976;01139
00964;01107
00950;01088
00939;01073
00923;01060
00909;01032
00894;01007
00874;00983
00851;00952
00827;00930
00812;00902
00795;00868
00784;00832
00771;00797
00764;00779
00762;00778
00771;00785
00791;00802
00816;00820
00833;00846
00843;00880
00864;00932
00890;00987
00917;01056
00941;01126
00957;01199
00975;01278
00982;01341
00988;01413
01001;01479
01010;01533
01022;01576
01027;01616
01026;01650
01029;01669
01037;01673
01039;01667
01041;01651
01042;01635
01040;01619
01044;01607
01045;01606
01045;01602
01046;01575
01040;01555
01035;01544
01028;01546
01024;01554
01023;01545
01023;01524
01020;01505
01019;01470
01020;01430
01017;01408
01020;01387
01019;01367
01020;01333
01025;01291
01023;01256
01011;01223
00995;01190
00975;01164
00953;01141
00937;01117
00922;01092
00910;01062
00894;01037
00873;01027
00854;01021
00847;01028
00843;01033
00840;01038
00838;01042
00835;01040
00829;01033
00819;01031
00810;01028
00804;01023
00802;01014
00801;00999
00798;00986
00791;00979
00787;00982
00784;00990
00784;01006
00794;01016
00807;01005
00815;00999
00813;00997
00808;01002
00809;01007
00814;01017
00819;01017
00832;01018
00842;01012
00843;01017
00844;01043
00847;01071
00862;01103
00879;01130
00896;01165
00914;01206
00927;01240
00935;01273
00948;01327
00962;01373
00978;01421
00996;01469
01004;01526
01008;01580
01008;01628
01008;01669
01014;01726
01019;01782
01015;01824
01010;01865
01004;01893
01001;01933
01002;01938
01004;01939
01008;01929
01016;01926
01017;01969
01010;01990
01005;01978
01006;01952
01006;01931
01002;01898
00999;01879
00999;01855
00996;01848
00992;01807
00988;01716
00986;01652
00987;01603
00987;01557
00986;01528
00985;01490
00985;01461
00988;01426
00994;01376
00993;01336
00990;01291
00990;01242
00991;01199
00990;01154
00988;01092
00985;01022
00973;00949
00952;00893
00925;00852
00902;00824
00881;00788
00858;00759
00831;00740
00805;00739
00783;00758
00761;00789
00747;00815
00739;00840
00732;00864
00724;00883
00720;00913
00722;00924
00731;00921
00736;00918
00736;00926
00737;00950
00736;00973
00735;00970
00737;00952
00741;00926
00743;00899
00740;00878
00728;00869
00713;00864
00702;00829
00696;00778
00686;00739
00675;00739
00663;00755
00653;00775
00647;00788
00643;00813
00646;00840
00656;00862
00669;00871
00678;00885
00681;00910
00684;00920
00688;00908
00694;00898
00695;00898
00695;00891
00694;00885
00695;00870
00686;00867
00676;00871
00676;00854
00678;00836
00679;00831
00676;00826
00672;00818
00668;00815
00668;00811
00663;00809
00662;00808
00662;00795
00662;00795
00662;00801
00665;00805
00672;00810
00680;00814
00685;00815
00682;00813
00679;00816
00681;00818
00684;00818
00688;00812
00688;00801
00680;00785
00676;00767
00676;00741
00676;00717
00675;00698
00673;00672
00672;00654
00677;00631
00679;00610
00682;00600
00690;00597
00691;00597
00688;00607
00692;00618
00700;00626
00712;00633
00719;00634
00714;00645
00712;00662
00711;00671
00710;00676
00711;00702
00712;00716
00713;00721
00713;00722
00713;00729
00710;00741
00715;00764
00716;00798
00718;00804
00724;00798
00729;00771
00726;00754
00726;00751
00723;00742
00714;00733
00709;00719
00707;00695
00707;00657
00710;00638
00708;00632
00708;00626
00705;00615
00693;00597
00681;00575
00671;00528
00663;00470
00641;00405
00611;00336
00572;00277
00519;00217
00463;00160
00407;00108
00351;00056
00295;00017
00240;00002
00181;00000
00134;00000
00094;00000
00059;00000
00036;00000
00018;00000
00008;00000
00002;00000
00000;00000
00000;00000
00000;00000
00000;00000
00000;00000
00000;00000
00000;00000
00000;00000
00000;00000
00000;00000
00000;00000
00000;00009
00000;00018
00000;00018
00000;00018
00000;00018
00000;00018
00000;00018
00000;00018
00000;00018
00000;00018
00000;00008
00000;00000
00000;00000
00000;00000
00000;00000
00000;00000
00000;00000
00000;00000
00000;00000
00000;00000
00000;00000
00000;00000
00000;00000
00000;00000
00000;00000
00000;00000
00000;00000
00000;00000
00000;00000
00000;00000
00000;00000
00000;00000
00000;00000
00000;00000
00000;00000
00000;00000
00000;00000
00000;00000
00000;00000
00000;00000
00000;00000
00000;00000
00000;00000
00000;00000
00000;00000
00000;00000
00000;00000
00000;00000
00000;00000
00000;00000
00000;00000
00000;00000
00000;00000
00000;00000
00000;00000
00000;00000
00000;00000
00000;00000
00000;00000
00000;00000
00000;00000
00000;00000
00000;00000
00000;00000
00000;00000
00000;00000
00000;00000
00000;00000
00000;00000
00000;00000
00000;00000
00000;00000
00000;00000
00000;00000
00000;00000
00000;00000
00000;00000
00000;00000
00000;00000
00000;00000
00000;00000
00000;00000
00000;00000
00000;00000
00000;00000
00000;00000
00000;00000
00000;00000
00000;00000
00000;00000
00000;00000
00000;00000
00000;00000
00000;00000
00000;00000
00000;00000
00000;00000
00000;00000
00000;00000
00000;00000
00000;00000
00000;00000
00000;00000
00000;00000
00000;00000
00000;00000
00000;00000
00000;00000
00000;00000
00000;00000
00000;00000
00000;00000
00000;00000
00000;00000
00000;00000
00000;00000
00000;00000
00000;00000
00000;00000
00000;00000
00000;00000
00000;00000
00000;00000
00000;00000
00000;00000
00000;00000
00000;00000
00000;00000
00000;00000
00000;00000
00000;00000
00000;00000
00000;00000
00000;00000
00000;00000
00000;00000
00000;00000
00000;00000
00000;00000
00000;00000
00000;00000
00000;00000
00000;00000
00000;00000
00000;00000
00000;00000
00000;00000
00000;00000
00000;00000
00000;00000
00000;00000
00000;00000
00000;00000
00000;00000
00000;00000
00000;00000
00000;00000
00000;00000
00000;00000
00000;00000
00000;00000
00000;00000
00000;00000
00000;00000
00000;00000
00000;00000
00000;00000
00000;00000
00000;00000
00000;00000
00000;00000
00000;00000
00000;00000
00000;00000
00000;00000
00000;00000
00000;00000
