002
1.32
PD300-0145
002308 002237 002225
2.00 2.00 2.00
CAFM95
13.03.2020
09:25:35
010
10000
03010
1
02050
02050
0500
3000
0073
0305
01805
01220
1
1
0
0
0
0
+00.0
000.0
+00.0
000.0
0
0
0
0
0
000
00000
0
0
000
000
00000
0
0
0
000
00000


0
0
0
00000
000
00000
0
000
000
000
00000
00000
000
000
00000
000
000
00000
000
000
00000
0
0
0
00000
00000
000
000
00.0
000
000
000
00000
000
000
0
0
0
00000
000
00000
000
000
0
0
0
00000
00000
00000
00000
00000
00000
0
0
000
00000
000
0
000
00000
000
0
00000
000000


WB1
1.1 
00000-00000: 
00000-00000: 
00000-00000: 
00000-00000: 
00000-00000: 
00000-00000: 
Vertical measurement





00000;00000
00000;00000
00000;00000
00000;00000
00000;00000
00000;00000
00000;00000
00000;00000
00000;00000
00000;00000
00000;00000
00000;00000
00000;00000
00000;00000
00000;00000
00000;00000
00000;00000
00000;00000
00000;00000
00000;00008
00000;00030
00003;00064
00013;00117
00036;00184
00069;00266
00114;00360
00172;00463
00233;00578
00307;00717
00388;00847
00475;00966
00575;01069
00670;01156
00753;01236
00831;01312
00895;01385
00945;01449
00993;01503
01034;01543
01072;01574
01101;01580
01124;01583
01138;01580
01138;01580
01145;01577
01160;01561
01177;01551
01181;01555
01185;01541
01184;01544
01179;01562
01166;01587
01158;01611
01161;01611
01153;01614
01146;01616
01134;01623
01127;01626
01123;01637
01117;01651
01120;01679
01131;01707
01144;01735
01153;01768
01160;01789
01167;01805
01178;01799
01190;01773
01193;01749
01213;01717
01220;01680
01214;01641
01210;01603
01205;01580
01205;01554
01199;01529
01186;01509
01176;01497
01157;01475
01115;01453
01084;01434
01056;01416
01025;01396
01003;01375
00974;01355
00951;01342
00939;01344
00934;01352
00934;01366
00944;01386
00951;01394
00950;01402
00944;01417
00935;01426
00926;01447
00912;01459
00900;01444
00884;01424
00878;01397
00876;01369
00877;01354
00886;01344
00904;01346
00927;01350
00965;01350
00985;01364
00993;01386
00997;01410
01002;01429
01008;01446
01009;01447
01007;01447
00997;01435
00982;01427
00955;01400
00947;01371
00953;01340
00966;01301
00963;01288
00956;01286
00956;01290
00957;01292
00958;01286
00956;01277
00958;01287
00955;01295
00953;01308
00941;01324
00932;01323
00920;01313
00898;01300
00880;01285
00883;01269
00886;01257
00885;01251
00888;01259
00883;01268
00885;01276
00901;01278
00915;01276
00928;01268
00938;01264
00927;01275
00919;01279
00910;01273
00902;01253
00901;01233
00907;01225
00900;01240
00897;01262
00904;01295
00910;01328
00919;01350
00931;01367
00939;01374
00943;01375
00938;01369
00930;01346
00925;01303
00911;01248
00890;01192
00868;01143
00844;01093
00824;01051
00815;01022
00814;01000
00825;00989
00821;01000
00818;01028
00823;01062
00832;01092
00849;01120
00866;01159
00870;01198
00868;01238
00865;01260
00840;01283
00825;01299
00817;01302
00819;01297
00815;01295
00800;01290
00802;01269
00810;01242
00820;01210
00818;01207
00832;01205
00855;01191
00868;01185
00871;01192
00875;01270
00881;01372
00874;01426
00871;01453
00869;01477
00872;01525
00862;01548
00845;01559
00830;01565
00823;01567
00821;01502
00827;01393
00835;01336
00838;01313
00840;01289
00843;01222
00859;01184
00869;01167
00876;01160
00875;01152
00873;01144
00868;01155
00860;01170
00853;01189
00851;01217
00852;01256
00841;01277
00836;01276
00834;01261
00829;01251
00823;01242
00823;01229
00831;01200
00831;01180
00822;01151
00809;01132
00805;01128
00803;01127
00802;01126
00812;01121
00822;01116
00825;01119
00815;01139
00804;01159
00806;01189
00807;01202
00805;01216
00802;01234
00801;01250
00791;01260
00778;01257
00766;01257
00753;01255
00747;01240
00742;01217
00743;01198
00745;01165
00749;01147
00750;01135
00761;01129
00772;01128
00779;01132
00788;01148
00797;01166
00804;01191
00802;01223
00800;01268
00793;01305
00788;01330
00781;01348
00777;01363
00774;01363
00780;01347
00790;01331
00798;01302
00810;01263
00821;01223
00837;01183
00842;01167
00843;01165
00845;01168
00846;01190
00842;01211
00833;01229
00825;01249
00811;01263
00796;01269
00777;01272
00770;01261
00766;01247
00761;01227
00753;01197
00754;01168
00760;01133
00764;01097
00767;01075
00772;01059
00775;01055
00769;01063
00762;01076
00760;01095
00762;01116
00761;01149
00755;01179
00751;01204
00753;01231
00758;01256
00771;01268
00788;01279
00799;01269
00807;01250
00817;01234
00825;01217
00833;01215
00834;01229
00827;01240
00829;01242
00830;01249
00818;01245
00807;01256
00799;01275
00791;01296
00781;01301
00778;01286
00779;01259
00779;01219
00772;01192
00764;01163
00765;01133
00766;01117
00767;01096
00761;01063
00753;01041
00736;01014
00720;00990
00707;00983
00693;00970
00681;00957
00676;00951
00672;00931
00661;00927
00657;00921
00662;00908
00669;00910
00677;00916
00682;00932
00686;00953
00686;00988
00679;01020
00680;01047
00686;01064
00687;01083
00680;01093
00676;01105
00675;01100
00680;01077
00682;01054
00679;01021
00678;00991
00679;00965
00669;00933
00662;00907
00654;00899
00646;00900
00637;00910
00624;00926
00618;00932
00626;00948
00630;00961
00631;00971
00639;00986
00648;00990
00658;00996
00669;00991
00678;01003
00686;01016
00694;01030
00687;01039
00683;01042
00679;01047
00676;01044
00669;01043
00665;01041
00657;01048
00652;01034
00647;01019
00636;01019
00632;01027
00636;01034
00642;01032
00650;01035
00661;01048
00676;01059
00693;01070
00703;01094
00712;01117
00724;01146
00734;01164
00743;01182
00746;01191
00749;01193
00746;01193
00736;01187
00730;01171
00728;01147
00724;01124
00726;01080
00735;01033
00737;00990
00736;00966
00732;00942
00736;00917
00745;00889
00745;00872
00746;00853
00752;00834
00758;00833
00752;00846
00745;00860
00744;00879
00743;00915
00742;00939
00737;00964
00737;00993
00729;01025
00718;01056
00706;01082
00701;01106
00697;01133
00695;01142
00702;01126
00705;01109
00704;01092
00702;01072
00700;01059
00705;01045
00710;01018
00712;00993
00715;00967
00721;00963
00716;00977
00707;01009
00710;01034
00713;01051
00720;01062
00720;01078
00719;01100
00714;01108
00709;01106
00706;01087
00701;01065
00701;01035
00701;01009
00707;00979
00712;00959
00716;00951
00714;00953
00715;00974
00718;01006
00719;01037
00727;01063
00736;01096
00735;01125
00725;01154
00715;01172
00706;01175
00706;01169
00708;01136
00709;01099
00709;01073
00709;01055
00703;01029
00700;01005
00704;00999
00712;01003
00718;01007
00722;01014
00722;01033
00721;01062
00718;01100
00710;01139
00710;01152
00715;01165
00718;01182
00711;01205
00704;01212
00703;01216
00698;01217
00692;01224
00684;01210
00675;01183
00666;01184
00655;01188
00645;01170
00645;01126
00652;01095
00651;01069
00656;01043
00663;01002
00666;00974
00673;00957
00676;00950
00677;00942
00680;00946
00689;00969
00694;00992
00702;01015
00703;01045
00695;01070
00696;01084
00694;01091
00692;01091
00696;01090
00698;01086
00690;01081
00682;01067
00673;01054
00664;01032
00659;01011
00655;01000
00651;00995
00648;00988
00640;00990
00636;00986
00633;00986
00626;00988
00620;00993
00618;01012
00621;01085
00622;01140
00623;01147
00630;01141
00633;01159
00631;01208
00628;01225
00633;01235
00642;01242
00646;01241
00646;01187
00647;01133
00651;01127
00649;01126
00653;01090
00661;01020
00665;00979
00665;00950
00662;00920
00660;00884
00662;00858
00663;00852
00664;00852
00669;00861
00673;00877
00672;00897
00671;00916
00664;00946
00657;00989
00653;01034
00651;01058
00648;01077
00642;01088
00639;01099
00630;01104
00615;01109
00605;01102
00608;01079
00608;01037
00604;00997
00595;00975
00592;00956
00591;00943
00590;00923
00596;00898
00610;00867
00618;00849
00618;00846
00619;00853
00626;00863
00636;00874
00641;00891
00646;00903
00653;00910
00656;00925
00657;00944
00660;00959
00661;00971
00663;00981
00660;00985
00655;00975
00650;00971
00643;00972
00636;00985
00629;00989
00621;00995
00615;01005
00609;01013
00604;01011
00602;01013
00606;01020
00617;01012
00632;01000
00634;00978
00636;00967
00640;00962
00646;00969
00648;00966
00653;00964
00660;00952
00660;00949
00656;00946
00647;00947
00649;00957
00652;00966
00656;00968
00657;00960
00658;00967
00663;00976
00670;00991
00674;00996
00674;01003
00677;01003
00676;01000
00675;00990
00677;00983
00678;00972
00678;00947
00668;00930
00653;00929
00640;00947
00628;00955
00623;00958
00622;00958
00611;00966
00599;00970
00598;00977
00601;00991
00610;01002
00624;01004
00640;00986
00654;00979
00663;00980
00667;00989
00671;01000
00674;01010
00674;01019
00675;01034
00678;01046
00676;01048
00674;01048
00681;01035
00688;01023
00685;01013
00685;01002
00688;01000
00690;00994
00689;00986
00686;00992
00685;01011
00688;01032
00685;01054
00680;01078
00678;01096
00680;01103
00679;01103
00679;01106
00680;01105
00682;01088
00692;01062
00698;01048
00693;01042
00694;01042
00700;01030
00702;01026
00700;01034
00697;01028
00693;01028
00686;01033
00678;01040
00674;01038
00681;01029
00683;01016
00677;01019
00679;01025
00686;01018
00690;01014
00699;00993
00707;00981
00706;00964
00694;00949
00679;00942
00666;00941
00661;00935
00658;00931
00653;00928
00650;00937
00642;00947
00639;00952
00640;00955
00648;00954
00659;00958
00667;00957
00670;00964
00668;00974
00662;00981
00660;00988
00663;00996
00671;00997
00671;01006
00667;01020
00664;01033
00657;01038
00653;01053
00649;01070
00640;01092
00632;01125
00626;01158
00621;01182
00626;01200
00629;01218
00630;01225
00633;01247
00643;01246
00655;01239
00672;01234
00683;01210
00684;01198
00681;01194
00683;01183
00686;01173
00688;01170
00693;01162
00693;01158
00696;01145
00696;01124
00700;01111
00708;01094
00711;01086
00709;01087
00710;01080
00714;01072
00716;01058
00713;01050
00713;01056
00715;01060
00722;01062
00732;01066
00739;01064
00743;01072
00744;01079
00744;01083
00741;01089
00744;01092
00743;01096
00738;01099
00730;01099
00722;01092
00719;01100
00715;01101
00717;01117
00717;01129
00717;01146
00716;01163
00723;01172
00737;01191
00739;01211
00737;01236
00734;01249
00733;01255
00731;01251
00733;01256
00733;01252
00737;01252
00732;01254
00724;01254
00731;01267
00735;01268
00736;01274
00740;01283
00741;01289
00738;01297
00738;01317
00732;01330
00731;01342
00725;01342
00722;01330
00729;01323
00735;01313
00735;01299
00738;01283
00740;01261
00738;01249
00733;01240
00729;01221
00733;01205
00732;01199
00724;01206
00717;01213
00715;01221
00708;01230
00704;01233
00709;01223
00716;01223
00721;01228
00721;01231
00717;01221
00709;01207
00708;01191
00709;01183
00712;01177
00717;01185
00716;01197
00721;01197
00723;01185
00722;01174
00722;01182
00728;01186
00725;01190
00718;01189
00712;01201
00708;01205
00711;01191
00705;01174
00702;01174
00699;01182
00698;01182
00695;01188
00694;01195
00696;01204
00697;01190
00698;01174
00694;01166
00695;01164
00694;01167
00695;01172
00702;01168
00707;01158
00712;01141
00719;01125
00719;01122
00710;01111
00715;01119
00715;01117
00716;01113
00719;01112
00717;01110
00716;01109
00716;01122
00713;01131
00716;01129
00731;01140
00730;01137
00734;01141
00740;01146
00739;01136
00736;01137
00732;01133
00723;01115
00718;01110
00709;01104
00700;01095
00694;01091
00682;01087
00677;01083
00683;01085
00688;01076
00690;01071
00695;01078
00698;01080
00705;01100
00700;01121
00701;01129
00713;01131
00710;01126
00697;01127
00685;01134
00680;01144
00681;01154
00687;01146
00690;01131
00693;01112
00685;01101
00669;01103
00661;01118
00656;01117
00661;01106
00667;01091
00665;01074
00650;01071
00638;01071
00628;01083
00630;01081
00637;01070
00646;01054
00653;01045
00654;01046
00652;01051
00656;01055
00662;01057
00668;01058
00677;01050
00680;01060
00681;01077
00677;01092
00677;01107
00683;01116
00687;01118
00689;01115
00693;01114
00694;01111
00701;01103
00706;01085
00706;01069
00705;01052
00703;01042
00693;01035
00685;01033
00676;01036
00667;01043
00662;01042
00657;01050
00656;01058
00658;01055
00650;01059
00641;01066
00638;01070
00639;01080
00639;01087
00644;01087
00649;01085
00649;01085
00644;01096
00639;01111
00652;01111
00663;01102
00666;01110
00662;01115
00659;01122
00652;01134
00650;01147
00649;01155
00651;01169
00660;01166
00656;01170
00655;01193
00660;01205
00670;01225
00682;01226
00692;01220
00691;01217
00691;01214
00690;01199
00677;01204
00670;01213
00670;01194
00670;01170
00666;01126
00656;01102
00645;01087
00639;01069
00633;01059
00625;01041
00633;01017
00638;00986
00637;00978
00630;00975
00623;00982
00620;00994
00627;00998
00642;00999
00651;00989
00659;00989
00657;00982
00656;00983
00657;00974
00662;00958
00663;00941
00668;00906
00666;00887
00648;00875
00633;00874
00624;00869
00619;00861
00617;00856
00615;00854
00611;00856
00610;00856
00605;00875
00601;00885
00605;00892
00611;00899
00614;00909
00616;00930
00616;00945
00621;00955
00621;00962
00622;00968
00628;00963
00637;00968
00653;00967
00662;00962
00655;00957
00641;00946
00634;00948
00626;00947
00621;00943
00617;00941
00613;00929
00600;00914
00578;00906
00560;00906
00560;00905
00572;00907
00576;00898
00576;00895
00572;00904
00562;00931
00554;00970
00558;00993
00573;01004
00586;00992
00594;00983
00592;00981
00590;00993
00593;00998
00600;00983
00613;00960
00618;00942
00609;00932
00592;00935
00580;00951
00575;00956
00577;00959
00576;00964
00568;00969
00558;00989
00549;01004
00557;01024
00570;01055
00581;01071
00589;01075
00597;01066
00604;01044
00607;01013
00611;00990
00615;00972
00619;00950
00608;00916
00597;00868
00592;00835
00586;00804
00578;00796
00565;00799
00564;00806
00563;00806
00560;00803
00552;00803
00552;00798
00555;00806
00556;00810
00562;00826
00566;00832
00569;00841
00566;00842
00563;00841
00564;00841
00570;00843
00570;00849
00566;00849
00561;00850
00552;00857
00555;00861
00557;00850
00557;00843
00561;00846
00562;00855
00555;00862
00554;00870
00560;00878
00560;00894
00562;00907
00555;00933
00555;00964
00554;01002
00545;01043
00541;01079
00547;01113
00559;01130
00568;01145
00573;01156
00571;01165
00567;01168
00565;01167
00569;01154
00583;01141
00589;01123
00590;01103
00582;01094
00575;01088
00580;01078
00588;01065
00600;01042
00607;01024
00611;00999
00610;00972
00610;00947
00606;00932
00605;00928
00599;00935
00588;00941
00584;00947
00581;00968
00575;00991
00571;01023
00574;01041
00579;01053
00587;01062
00595;01068
00605;01057
00623;01055
00634;01049
00633;01053
00637;01057
00641;01055
00643;01059
00646;01063
00647;01066
00644;01068
00639;01080
00631;01087
00628;01099
00630;01099
00629;01096
00632;01105
00626;01119
00618;01125
00613;01125
00616;01121
00620;01101
00620;01078
00615;01056
00609;01041
00608;01039
00608;01035
00621;01024
00640;01016
00656;01003
00667;00993
00676;00994
00684;00987
00692;00978
00700;00965
00706;00956
00703;00954
00694;00956
00683;00965
00680;00979
00674;00992
00668;01019
00666;01057
00664;01082
00666;01092
00666;01083
00669;01066
00678;01043
00692;01021
00693;01009
00690;01006
00688;00986
00685;00964
00681;00953
00672;00954
00666;00965
00658;00972
00648;00998
00630;01011
00618;01015
00615;01011
00613;01003
00605;01000
00594;01000
00589;00987
00585;00979
00581;00978
00577;00964
00579;00959
00578;00954
00580;00964
00584;00972
00581;00967
00583;00971
00591;00985
00596;00990
00597;00986
00596;00972
00594;00962
00595;00959
00583;00941
00575;00933
00581;00930
00579;00915
00571;00910
00563;00914
00558;00922
00556;00931
00550;00939
00544;00955
00545;00965
00543;00976
00538;00987
00539;01000
00539;01005
00542;01006
00544;01009
00540;01029
00537;01047
00543;01042
00557;01029
00561;01021
00561;01008
00562;01001
00560;00988
00559;00975
00561;00957
00563;00929
00566;00907
00557;00903
00543;00919
00539;00936
00540;00958
00544;00977
00551;01014
00560;01061
00565;01103
00573;01141
00583;01166
00601;01168
00619;01153
00640;01126
00657;01107
00667;01084
00671;01061
00666;01029
00661;01005
00663;00985
00666;00967
00662;00968
00655;00982
00642;01004
00637;01012
00639;01015
00639;01011
00643;01003
00647;00982
00649;00965
00652;00947
00656;00938
00664;00933
00677;00925
00672;00927
00664;00951
00655;00988
00642;01026
00633;01069
00631;01090
00626;01107
00618;01108
00608;01097
00599;01088
00603;01075
00609;01056
00618;01023
00637;00988
00651;00960
00655;00948
00656;00949
00661;00970
00667;00988
00670;00995
00671;01002
00674;01030
00684;01048
00688;01054
00692;01054
00693;01065
00696;01083
00700;01084
00704;01091
00707;01110
00701;01143
00694;01178
00682;01215
00677;01243
00667;01272
00660;01301
00655;01325
00659;01345
00665;01357
00664;01354
00668;01352
00675;01318
00692;01297
00706;01300
00713;01302
00726;01283
00741;01280
00743;01269
00736;01245
00736;01239
00737;01216
00734;01213
00727;01206
00726;01190
00730;01174
00735;01164
00734;01147
00736;01148
00742;01167
00755;01186
00765;01214
00767;01209
00767;01212
00762;01216
00762;01222
00757;01224
00751;01212
00745;01186
00739;01162
00727;01134
00716;01119
00711;01116
00706;01093
00709;01084
00707;01077
00709;01082
00711;01091
00718;01095
00727;01101
00732;01109
00736;01108
00748;01121
00756;01159
00750;01182
00749;01201
00747;01227
00742;01279
00731;01331
00728;01360
00733;01380
00744;01384
00744;01398
00743;01401
00749;01387
00756;01376
00761;01351
00767;01314
00781;01278
00789;01253
00798;01239
00798;01238
00799;01219
00812;01199
00819;01190
00821;01174
00822;01172
00815;01161
00803;01167
00797;01180
00784;01178
00778;01177
00779;01150
00766;01126
00756;01118
00740;01124
00730;01128
00729;01130
00730;01139
00732;01153
00738;01164
00746;01160
00750;01211
00749;01296
00751;01339
00755;01362
00759;01401
00767;01490
00771;01553
00750;01585
00724;01616
00701;01659
00685;01676
00685;01623
00691;01597
00707;01583
00716;01546
00715;01444
00717;01355
00731;01294
00744;01242
00753;01197
00753;01163
00745;01154
00731;01150
00714;01145
00705;01148
00700;01174
00696;01177
00687;01171
00681;01167
00675;01164
00674;01141
00675;01150
00683;01146
00686;01140
00686;01148
00687;01147
00686;01156
00690;01168
00693;01169
00695;01167
00697;01177
00693;01144
00684;01136
00674;01144
00669;01128
00671;01111
00669;01104
00677;01115
00681;01131
00682;01131
00698;01115
00711;01119
00714;01115
00714;01112
00712;01105
00705;01090
00699;01084
00687;01069
00678;01081
00668;01104
00652;01113
00648;01113
00656;01117
00668;01107
00682;01120
00690;01130
00696;01125
00701;01126
00712;01154
00719;01178
00712;01189
00700;01205
00698;01222
00698;01258
00697;01251
00696;01247
00700;01246
00704;01251
00710;01250
00724;01249
00741;01267
00755;01284
00759;01302
00760;01319
00755;01358
00758;01378
00760;01399
00769;01395
00777;01362
00772;01324
00771;01290
00772;01264
00778;01258
00782;01252
00782;01232
00777;01226
00773;01226
00768;01239
00756;01264
00751;01285
00743;01298
00736;01314
00730;01309
00729;01302
00744;01303
00762;01302
00777;01298
00790;01301
00806;01318
00821;01346
00840;01361
00857;01363
00876;01366
00899;01351
00908;01325
00896;01305
00883;01297
00873;01302
00866;01276
00868;01239
00878;01220
00889;01215
00883;01212
00874;01207
00866;01217
00875;01224
00882;01214
00878;01184
00870;01159
00853;01143
00826;01134
00796;01122
00783;01126
00765;01151
00749;01182
00738;01216
00736;01253
00738;01291
00743;01317
00758;01324
00773;01313
00787;01302
00793;01270
00796;01236
00799;01211
00806;01198
00806;01201
00805;01217
00804;01217
00802;01232
00809;01258
00826;01268
00841;01281
00863;01278
00888;01271
00898;01259
00911;01245
00925;01238
00933;01247
00937;01259
00934;01266
00928;01269
00924;01251
00913;01210
00901;01151
00892;01073
00874;00967
00839;00821
00794;00675
00736;00535
00667;00406
00594;00292
00512;00191
00428;00117
00339;00062
00257;00022
00185;00002
00125;00000
00081;00000
00053;00000
00032;00000
00015;00000
00005;00000
00000;00000
00000;00000
00000;00000
00000;00000
00000;00010
00000;00010
00000;00010
00000;00010
00000;00010
00000;00010
00000;00010
00000;00010
00000;00010
00000;00010
00000;00000
00000;00000
00000;00000
00000;00000
00000;00000
00000;00000
00000;00000
00000;00000
00000;00000
00000;00000
00000;00000
00000;00000
00000;00000
00000;00000
00000;00000
00000;00000
00000;00000
00000;00000
00000;00000
00000;00000
00000;00000
00000;00000
00000;00000
00000;00000
00000;00000
00000;00000
00000;00000
00000;00000
00000;00000
00000;00000
00000;00000
00000;00000
00000;00000
00000;00000
00000;00000
00000;00000
00000;00000
00000;00000
00000;00000
00000;00000
00000;00000
00000;00000
00000;00000
00000;00000
00000;00000
00000;00000
00000;00000
00000;00000
00000;00000
00000;00000
00000;00000
00000;00000
00000;00000
00000;00000
00000;00000
00000;00000
00000;00000
00000;00000
00000;00000
00000;00000
00000;00000
00000;00000
00000;00000
00000;00000
00000;00000
00000;00000
00000;00000
00000;00000
00000;00000
00000;00000
00000;00000
00000;00000
00000;00000
00000;00000
00000;00000
00000;00000
00000;00000
00000;00000
00000;00000
00000;00000
00000;00000
00000;00000
00000;00000
00000;00000
00000;00000
00000;00000
00000;00000
00000;00000
00000;00000
00000;00000
00000;00000
00000;00000
00000;00000
00000;00000
00000;00000
00000;00000
00000;00000
00000;00000
00000;00000
00000;00000
00000;00000
00000;00000
00000;00000
00000;00000
00000;00000
00000;00000
00000;00000
00000;00000
00000;00000
00000;00000
00000;00000
00000;00000
00000;00000
00000;00000
00000;00000
00000;00000
00000;00000
00000;00000
00000;00000
00000;00000
00000;00000
00000;00000
00000;00000
00000;00000
00000;00000
00000;00000
00000;00000
00000;00000
00000;00000
00000;00000
00000;00000
00000;00000
00000;00000
00000;00000
00000;00000
00000;00000
00000;00000
00000;00000
00000;00000
00000;00000
00000;00000
00000;00000
00000;00000
00000;00000
00000;00000
00000;00000
00000;00000
00000;00000
00000;00000
00000;00000
00000;00000
00000;00000
00000;00000
00000;00000
00000;00000
00000;00000
00000;00000
00000;00000
00000;00000
00000;00000
00000;00000
00000;00000
00000;00000
00000;00000
00000;00000
00000;00000
00000;00000
00000;00000
00000;00000
00000;00000
00000;00000
00000;00000
00000;00000
00000;00000
00000;00000
00000;00000
00000;00000
00000;00000
00000;00000
00000;00000
00000;00000
00000;00000
00000;00000
00000;00000
00000;00000
00000;00000
00000;00000
00000;00000
00000;00000
00000;00000
00000;00000
00000;00000
00000;00000
00000;00000
00000;00000
00000;00000
00000;00000
00000;00000
00000;00000
00000;00000
00000;00000
00000;00000
00000;00000
00000;00000
00000;00000
00000;00000
00000;00000
00000;00000
00000;00000
00000;00005
00000;00005
00000;00005
00000;00005
00000;00005
00000;00005
00000;00005
00000;00005
00000;00005
00000;00005
00000;00000
00000;00000
00000;00000
00000;00000
00000;00000
00000;00000
00000;00000
00000;00000
00000;00019
00000;00036
00000;00036
00000;00036
00000;00044
00000;00073
00000;00073
00000;00073
00000;00073
00000;00082
00000;00085
00000;00073
00000;00073
00000;00073
00000;00065
00000;00036
00000;00036
00000;00036
00000;00036
00000;00027
00000;00005
00000;00000
00000;00000
00000;00000
00000;00000
00000;00000
00000;00000
00000;00000
00000;00000
00000;00000
00000;00000
00000;00000
00000;00000
00000;00000
00000;00000
00000;00000
00000;00000
00000;00000
00000;00000
00000;00000
00000;00000
00000;00000
00000;00000
00000;00000
00000;00000
00000;00000
00000;00000
00000;00000
00000;00000
00000;00000
00000;00000
00000;00000
00000;00000
00000;00000
00000;00000
00000;00000
00000;00000
00000;00000
00000;00000
00000;00000
00000;00000
00000;00000
00000;00000
00000;00000
00000;00000
00000;00000
00000;00008
00000;00024
00000;00024
00000;00024
00000;00024
00000;00024
00000;00024
00000;00024
00000;00024
00000;00024
00000;00016
00000;00000
00000;00000
00000;00000
00000;00000
00000;00000
00000;00000
00000;00000
00000;00000
00000;00000
00000;00000
00000;00000
00000;00000
00000;00000
00000;00000
00000;00000
00000;00000
00000;00000
00000;00000
00000;00000
00000;00000
00000;00000
00000;00000
00000;00000
00000;00000
00000;00000
00000;00000
00000;00000
00000;00000
00000;00000
00000;00000
00000;00000
00000;00000
00000;00000
00000;00000
00000;00000
00000;00000
00000;00000
00000;00000
00000;00000
00000;00000
00000;00000
00000;00000
00000;00000
00000;00000
00000;00000
00000;00000
00000;00000
00000;00000
00000;00000
00000;00000
00000;00000
00000;00000
00000;00000
00000;00000
00000;00000
00000;00000
00000;00000
00000;00000
00000;00000
00000;00000
00000;00000
00000;00000
00000;00000
00000;00000
00000;00000
00000;00000
00000;00000
00000;00000
00000;00000
00000;00000
00000;00000
00000;00000
00000;00000
00000;00000
00000;00000
00000;00000
00000;00000
00000;00000
00000;00000
00000;00000
00000;00000
00000;00000
00000;00000
00000;00000
00000;00000
00000;00000
00000;00000
00000;00000
00000;00000
00000;00000
00000;00000
00000;00000
00000;00000
00000;00000
00000;00000
00000;00000
00000;00000
00000;00000
00000;00000
00000;00000
00000;00000
00000;00000
00000;00000
00000;00000
00000;00000
00000;00000
00000;00000
00000;00000
00000;00000
00000;00000
00000;00000
00000;00000
00000;00000
00000;00000
00000;00000
00000;00000
00000;00000
00000;00000
00000;00000
00000;00000
00000;00000
00000;00000
00000;00000
00000;00000
00000;00000
00000;00000
00000;00000
00000;00000
00000;00000
00000;00000
00000;00000
00000;00000
00000;00000
00000;00000
00000;00000
00000;00000
00000;00000
00000;00000
00000;00000
00000;00000
00000;00000
00000;00000
00000;00000
00000;00000
00000;00000
00000;00000
00000;00000
00000;00000
00000;00000
00000;00000
00000;00000
00000;00000
00000;00000
00000;00000
00000;00000
00000;00000
00000;00000
00000;00000
00000;00000
00000;00000
00000;00000
00000;00000
00000;00000
00000;00000
00000;00000
00000;00000
00000;00000
00000;00000
00000;00000
00000;00000
00000;00000
00000;00000
00000;00000
00000;00000
00000;00000
00000;00000
00000;00000
00000;00000
00000;00000
00000;00000
