001
1.32
PD300-0145
002308 002237 002225
2.00 2.00 2.00
CAFM95
13.03.2020
09:21:28
010
10000
03010
1
02050
01381
0500
3000
0086
0591
02485
01657
3
1
0
0
0
0
+00.0
000.0
+00.0
000.0
0
0
0
0
0
000
00000
0
0
000
000
00000
0
0
0
000
00000


0
0
0
00000
000
00000
0
000
000
000
00000
00000
000
000
00000
000
000
00000
000
000
00000
0
0
0
00000
00000
000
000
00.0
000
000
000
00000
000
000
0
0
0
00000
000
00000
000
000
0
0
0
00000
00000
00000
00000
00000
00000
0
0
000
00000
000
0
000
00000
000
0
00000
000000


WB1
1.1-1.3
00000-00000: 
00000-00000: 
00000-00000: 
00000-00000: 
00000-00000: 
00000-00000: 
3-member connection





01657;02485
01640;02433
01617;02380
01598;02350
01567;02276
01542;02174
01518;02138
01498;02097
01483;02090
01478;02077
01470;02049
01461;02029
01454;02009
01442;02015
01439;02014
01440;02010
01430;02006
01418;01986
01404;01922
01387;01852
01374;01805
01358;01774
01338;01745
01321;01688
01299;01610
01276;01557
01264;01524
01253;01515
01248;01505
01253;01504
01260;01500
01284;01493
01305;01493
01324;01486
01345;01483
01356;01483
01362;01481
01377;01466
01394;01456
01410;01428
01413;01398
01390;01363
01387;01308
01379;01254
01363;01198
01348;01142
01314;01093
01280;01072
01238;01055
01197;01036
01162;01083
01147;01258
01123;01449
01125;01580
01129;01637
01131;01688
01147;01787
01159;01820
01178;01819
01198;01821
01211;01746
01207;01544
01188;01338
01159;01181
01145;01099
01131;01024
01109;00900
01083;00821
01056;00781
01019;00751
00993;00742
00975;00740
00964;00742
00952;00768
00933;00802
00930;00849
00952;00907
00974;00961
01000;01021
01017;01090
01042;01177
01083;01254
01128;01324
01162;01368
01195;01395
01204;01396
01205;01374
01202;01343
01194;01297
01198;01235
01184;01140
01159;01061
01122;00984
01089;00919
01054;00872
01031;00830
01007;00800
00988;00774
00972;00755
00949;00755
00935;00774
00918;00804
00914;00836
00921;00872
00927;00905
00941;00955
00962;01007
00986;01075
01018;01149
01052;01222
01089;01272
01132;01296
01176;01302
01191;01291
01201;01271
01197;01247
01194;01201
01183;01142
01158;01067
01134;00974
01100;00896
01055;00831
01004;00778
00974;00742
00951;00710
00931;00673
00905;00664
00882;00649
00862;00649
00840;00660
00829;00665
00823;00682
00822;00703
00821;00723
00823;00758
00826;00791
00834;00829
00843;00876
00855;00922
00875;00975
00899;01036
00925;01100
00956;01172
00991;01228
01020;01271
01041;01293
01059;01289
01075;01281
01082;01255
01084;01220
01068;01171
01059;01101
01039;01027
01013;00961
00989;00893
00970;00853
00952;00826
00941;00798
00930;00792
00926;00790
00933;00802
00936;00836
00936;00864
00943;00913
00949;00971
00966;01040
00986;01130
01020;01228
01058;01296
01086;01337
01098;01358
01115;01363
01124;01387
01132;01371
01145;01336
01134;01283
01121;01219
01091;01144
01060;01076
01036;01025
01020;00988
00999;00951
00984;00907
00970;00888
00951;00886
00950;00892
00948;00895
00952;00910
00963;00956
00968;01019
00986;01090
01012;01160
01046;01212
01080;01250
01118;01271
01137;01282
01158;01279
01173;01272
01177;01227
01184;01162
01169;01094
01151;01011
01121;00941
01085;00886
01041;00838
01004;00802
00971;00774
00940;00742
00914;00732
00886;00741
00867;00749
00845;00776
00838;00810
00840;00840
00846;00886
00860;00926
00878;00971
00904;01023
00929;01079
00959;01142
00993;01215
01035;01290
01071;01368
01111;01435
01162;01485
01210;01525
01258;01551
01297;01562
01328;01551
01356;01507
01367;01442
01378;01364
01370;01264
01350;01172
01315;01070
01286;00982
01237;00901
01184;00833
01133;00779
01081;00740
01038;00721
00987;00719
00955;00733
00930;00761
00918;00808
00903;00844
00906;00881
00915;00911
00931;00946
00957;00982
00981;00999
01015;01006
01030;01006
01040;00988
01042;00966
01037;00963
01020;00969
01012;00987
00994;01002
00982;01015
00974;01029
00975;01047
00994;01073
01025;01095
01059;01115
01082;01112
01110;01092
01117;01056
01117;01023
01100;00988
01077;00967
01039;00961
01008;00950
00966;00948
00940;00941
00928;00945
00930;00958
00951;00970
00981;00976
01023;00973
01052;00949
01076;00905
01076;00850
01072;00793
01052;00750
01034;00720
01005;00701
00976;00710
00946;00728
00914;00772
00905;00832
00911;00900
00938;00974
00968;01039
01011;01100
01055;01142
01112;01159
01157;01149
01182;01112
01193;01044
01180;00975
01162;00902
01133;00836
01095;00773
01054;00708
01003;00667
00933;00647
00872;00646
00829;00674
00807;00722
00803;00768
00808;00815
00823;00858
00853;00898
00893;00932
00929;00942
00969;00935
01005;00906
01024;00859
01026;00801
01015;00750
00988;00701
00952;00653
00903;00613
00846;00584
00802;00570
00757;00577
00721;00615
00703;00677
00697;00773
00708;00867
00738;00957
00774;01032
00825;01091
00882;01148
00932;01202
00988;01230
01039;01228
01083;01192
01114;01109
01128;01016
01118;00913
01097;00825
01061;00762
01009;00691
00953;00622
00894;00570
00831;00545
00770;00556
00733;00596
00711;00649
00713;00700
00726;00757
00753;00815
00796;00874
00845;00917
00894;00943
00936;00935
00962;00895
00965;00837
00955;00763
00927;00697
00888;00629
00834;00552
00775;00485
00719;00442
00664;00407
00613;00391
00581;00377
00562;00361
00546;00345
00528;00326
00511;00295
00487;00265
00451;00225
00401;00177
00347;00126
00290;00076
00232;00040
00176;00018
00125;00006
00083;00001
00047;00000
00021;00000
00005;00000
00000;00000
00000;00000
00000;00000
00000;00000
00000;00000
00000;00000
00000;00000
00000;00000
00000;00000
00000;00000
00000;00000
00000;00000
00000;00000
00000;00000
00000;00000
00000;00000
00000;00000
00000;00000
00000;00000
00001;00000
00010;00000
00026;00018
00047;00046
00073;00074
00107;00104
00149;00124
00194;00147
00245;00177
00297;00208
00347;00242
00395;00282
00438;00303
00483;00322
00520;00333
00551;00336
00568;00350
00578;00360
00582;00359
00583;00366
00582;00366
00581;00363
00572;00362
00558;00349
00547;00337
00538;00329
00542;00327
00542;00324
00543;00334
00548;00337
00550;00356
00557;00374
00566;00390
00570;00407
00575;00425
00578;00443
00570;00456
00569;00474
00567;00474
00564;00466
00568;00454
00564;00441
00562;00422
00562;00417
00559;00426
00558;00438
00558;00454
00561;00457
00568;00463
00576;00472
00575;00469
00573;00464
00570;00464
00566;00452
00562;00432
00559;00404
00559;00378
00554;00363
00544;00351
00536;00344
00533;00340
00531;00340
00531;00335
00531;00334
00527;00341
00525;00360
00525;00378
00529;00404
00533;00426
00545;00455
00558;00483
00578;00504
00593;00523
00608;00548
00633;00554
00654;00549
00668;00536
00675;00510
00679;00487
00671;00454
00659;00426
00647;00410
00639;00397
00635;00384
00618;00374
00599;00373
00584;00375
00577;00388
00571;00411
00572;00447
00574;00471
00580;00479
00577;00488
00573;00485
00572;00483
00573;00476
00570;00463
00564;00443
00560;00420
00551;00385
00541;00362
00521;00349
00510;00353
00503;00365
00500;00380
00495;00395
00497;00412
00502;00441
00510;00468
00521;00505
00532;00549
00548;00566
00557;00567
00564;00568
00569;00564
00573;00563
00575;00562
00581;00546
00582;00527
00579;00500
00573;00459
00563;00441
00561;00430
00558;00420
00553;00418
00545;00417
00543;00413
00538;00415
00533;00414
00532;00414
00534;00418
00536;00437
00536;00448
00539;00461
00553;00471
00574;00475
00584;00476
00592;00477
00595;00480
00596;00480
00599;00481
00602;00455
00601;00431
00596;00407
00579;00384
00564;00366
00552;00353
00539;00336
00530;00330
00522;00312
00515;00299
00507;00299
00501;00306
00497;00305
00497;00309
00493;00308
00488;00302
00489;00303
00492;00302
00492;00335
00491;00395
00500;00469
00507;00490
00522;00504
00533;00518
00544;00536
00565;00559
00575;00574
00579;00572
00586;00548
00594;00492
00594;00420
00596;00398
00588;00379
00579;00359
00572;00339
00553;00325
00544;00323
00543;00329
00542;00343
00541;00374
00540;00399
00546;00412
00555;00436
00569;00466
00581;00498
00592;00529
00605;00546
00624;00574
00639;00595
00655;00601
00673;00605
00685;00607
00696;00606
00704;00594
00714;00581
00724;00564
00729;00545
00722;00516
00715;00486
00704;00449
00692;00425
00680;00417
00663;00409
00646;00408
00630;00412
00622;00419
00620;00437
00616;00449
00610;00469
00612;00493
00621;00509
00624;00522
00636;00542
00643;00565
00649;00571
00651;00567
00647;00565
00648;00570
00656;00571
00658;00569
00647;00563
00639;00555
00627;00540
00621;00515
00612;00500
00605;00481
00598;00460
00586;00439
00573;00420
00558;00402
00548;00393
00543;00391
00538;00386
00537;00386
00536;00393
00535;00404
00535;00408
00542;00417
00548;00428
00559;00446
00566;00465
00573;00471
00581;00472
00581;00468
00584;00460
00582;00457
00578;00453
00575;00440
00571;00421
00559;00415
00547;00409
00539;00408
00530;00418
00528;00439
00530;00471
00536;00499
00544;00535
00554;00571
00571;00594
00591;00598
00613;00589
00636;00579
00653;00569
00659;00545
00657;00514
00651;00480
00650;00444
00645;00408
00629;00383
00616;00358
00609;00345
00591;00339
00567;00331
00551;00342
00542;00345
00544;00358
00542;00371
00539;00378
00542;00388
00538;00401
00536;00415
00541;00422
00552;00415
00562;00402
00567;00400
00565;00391
00564;00391
00564;00381
00558;00370
00558;00364
00553;00356
00544;00354
00537;00353
00536;00347
00536;00336
00536;00326
00534;00311
00538;00322
00547;00343
00553;00366
00562;00382
00577;00397
00591;00417
00605;00445
00622;00475
00629;00524
00635;00544
00634;00546
00633;00530
00639;00536
00631;00554
00626;00549
00623;00540
00619;00529
00610;00508
00606;00467
00603;00450
00600;00439
00594;00442
00583;00421
00585;00390
00584;00389
00579;00387
00571;00383
00566;00387
00558;00383
00556;00381
00557;00384
00564;00386
00569;00399
00571;00405
00571;00412
00573;00432
00577;00453
00582;00457
00597;00469
00601;00478
00598;00485
00596;00486
00597;00478
00600;00471
00598;00454
00593;00438
00589;00432
00587;00447
00579;00463
00579;00470
00577;00469
00577;00475
00571;00478
00561;00492
00561;00492
00567;00476
00569;00456
00568;00425
00567;00401
00567;00387
00574;00377
00580;00366
00587;00353
00594;00335
00598;00347
00599;00372
00601;00391
00604;00404
00608;00420
00610;00438
00607;00456
00602;00470
00597;00489
00593;00507
00589;00507
00589;00492
00587;00471
00585;00467
00581;00465
00578;00452
00578;00443
00578;00430
00577;00411
00576;00401
00578;00390
00579;00393
00579;00397
00575;00385
00572;00369
00572;00358
00575;00353
00578;00357
00581;00359
00586;00361
00589;00375
00592;00382
00594;00399
00601;00423
00610;00449
00618;00473
00626;00480
00632;00485
00634;00495
00636;00501
00632;00499
00633;00490
00638;00473
00643;00455
00648;00424
00650;00397
00655;00372
00657;00341
00662;00312
00670;00280
00676;00248
00676;00228
00667;00215
00662;00204
00661;00193
00660;00186
00646;00189
00644;00206
00644;00217
00635;00223
00626;00225
00619;00226
00611;00219
00608;00221
00598;00234
00590;00234
00593;00240
00588;00240
00582;00243
00579;00254
00589;00269
00608;00268
00620;00279
00616;00291
00610;00296
00608;00312
00596;00321
00587;00318
00584;00320
00578;00310
00573;00303
00557;00308
00543;00312
00549;00307
00556;00294
00559;00277
00570;00260
00583;00247
00579;00234
00574;00235
00569;00239
00569;00240
00571;00237
00566;00232
00565;00228
00566;00224
00559;00219
00550;00214
00556;00210
00564;00205
00564;00189
00560;00175
00564;00169
00569;00160
00571;00161
00566;00174
00563;00186
00562;00206
00557;00223
00563;00242
00568;00263
00578;00285
00590;00301
00598;00315
00601;00322
00610;00334
00616;00345
00619;00344
00618;00335
00610;00321
00606;00307
00606;00294
00600;00279
00591;00265
00584;00257
00578;00235
00571;00203
00565;00173
00561;00149
00549;00124
00526;00105
00490;00084
00449;00057
00411;00040
00371;00021
00326;00004
00285;00000
00252;00000
00219;00000
00193;00000
00180;00022
00182;00065
00206;00152
00246;00226
00297;00281
00351;00337
00413;00397
00474;00464
00540;00528
00614;00591
00677;00630
00730;00642
00769;00620
00791;00607
00802;00627
00809;00643
00811;00655
00803;00669
00794;00683
00785;00697
00777;00710
00772;00730
00772;00737
00773;00751
00777;00762
00782;00770
00789;00782
00801;00781
00813;00781
00819;00795
00821;00798
00830;00791
00827;00793
00823;00782
00816;00765
00816;00757
00812;00743
00806;00739
00799;00735
00795;00712
00803;00697
00806;00683
00811;00663
00823;00656
00830;00645
00837;00623
00846;00604
00850;00574
00858;00547
00862;00522
00861;00503
00857;00495
00856;00479
00855;00463
00857;00452
00851;00445
00851;00435
00857;00430
00856;00427
00859;00434
00855;00433
00853;00433
00856;00438
00852;00445
00853;00480
00861;00498
00863;00514
00850;00526
00838;00523
00831;00515
00828;00513
00820;00508
00807;00514
00798;00495
00793;00454
00781;00432
00768;00426
00761;00428
00754;00444
00746;00479
00743;00521
00746;00564
00752;00609
00763;00663
00762;00692
00760;00724
00764;00729
00772;00722
00779;00717
00780;00686
00784;00653
00780;00619
00774;00572
00773;00537
00776;00515
00786;00481
00793;00468
00797;00458
00802;00446
00806;00448
00805;00448
00809;00449
00818;00445
00812;00434
00804;00443
00796;00452
00784;00461
00779;00473
00771;00476
00765;00488
00759;00507
00766;00519
00775;00537
00770;00548
00767;00557
00757;00591
00754;00606
00750;00616
00751;00634
00747;00635
00753;00615
00754;00591
00742;00560
00745;00540
00750;00503
00755;00443
00762;00400
00764;00362
00760;00323
00768;00275
00762;00242
00745;00215
00727;00202
00711;00189
00696;00184
00686;00185
00670;00175
00647;00164
00631;00158
00609;00168
00590;00176
00579;00189
00572;00203
00567;00223
00565;00252
00564;00277
00566;00317
00582;00373
00593;00421
00606;00478
00620;00550
00633;00615
00649;00676
00667;00726
00680;00754
00698;00769
00714;00766
00720;00750
00736;00741
00749;00709
00762;00668
00769;00632
00777;00584
00779;00538
00783;00501
00779;00475
00773;00464
00777;00457
00769;00451
00765;00450
00760;00448
00760;00452
00759;00459
00754;00463
00753;00480
00742;00499
00738;00525
00723;00539
00714;00543
00704;00543
00692;00519
00681;00497
00673;00479
00675;00473
00671;00444
00684;00411
00688;00361
00702;00312
00710;00275
00710;00246
00707;00243
00701;00233
00692;00220
00676;00202
00667;00200
00647;00207
00634;00216
00616;00233
00602;00250
00599;00274
00597;00295
00597;00318
00598;00345
00604;00365
00600;00380
00598;00388
00595;00396
00590;00393
00587;00398
00578;00393
00578;00376
00578;00355
00579;00319
00580;00288
00584;00260
00586;00227
00584;00207
00582;00187
00574;00151
00567;00139
00552;00154
00538;00157
00521;00171
00504;00183
00503;00210
00501;00243
00510;00269
00513;00311
00522;00369
00536;00400
00556;00414
00577;00434
00594;00452
00608;00475
00614;00471
00630;00472
00631;00468
00639;00441
00648;00403
00650;00365
00647;00325
00633;00294
00623;00264
00609;00228
00594;00208
00566;00181
00549;00169
00532;00178
00515;00200
00506;00241
00500;00283
00506;00317
00518;00350
00534;00380
00547;00411
00563;00443
00577;00467
00593;00473
00613;00463
00623;00435
00633;00400
00634;00358
00626;00318
00611;00288
00597;00255
00585;00222
00575;00199
00556;00182
00533;00166
00510;00151
00488;00152
00474;00171
00465;00206
00466;00252
00473;00296
00485;00350
00497;00385
00517;00420
00540;00461
00569;00493
00597;00508
00619;00522
00640;00502
00660;00462
00662;00414
00655;00368
00642;00326
00621;00278
00599;00223
00572;00179
00535;00141
00504;00110
00472;00103
00441;00108
00421;00134
00411;00171
00412;00232
00426;00315
00445;00392
00474;00462
00514;00525
00558;00575
00597;00613
00638;00652
00679;00661
00715;00640
00739;00591
00748;00525
00744;00463
00725;00404
00698;00360
00666;00325
00637;00300
00610;00270
00588;00270
00556;00296
00535;00341
00525;00406
00530;00477
00548;00552
00577;00625
00613;00689
00649;00743
00687;00795
00723;00817
00758;00804
00797;00768
00822;00711
00833;00643
00823;00570
00806;00477
00773;00388
00731;00310
00683;00237
00630;00178
00591;00136
00544;00114
00500;00110
00467;00117
00452;00140
00444;00191
00452;00253
00465;00325
00485;00408
00519;00490
00552;00573
00589;00644
00632;00689
00671;00714
00703;00715
00725;00695
00744;00656
00753;00599
00752;00523
00731;00444
00700;00370
00664;00294
00619;00233
00575;00184
00539;00151
00504;00130
00471;00131
00446;00139
00428;00173
00425;00203
00432;00247
00442;00311
00456;00400
00478;00499
00504;00595
00543;00678
00589;00738
00639;00795
00687;00821
00734;00851
00775;00845
00821;00814
00848;00754
00860;00675
00853;00582
00833;00492
00799;00414
00757;00341
00712;00277
00662;00215
00611;00174
00558;00148
00522;00128
00495;00112
00476;00103
00456;00098
00437;00092
00418;00080
00390;00067
00361;00057
00321;00045
00276;00029
00231;00012
00185;00001
00141;00000
00103;00000
00067;00000
00038;00000
00018;00000
00002;00000
00000;00000
00000;00000
00000;00000
00000;00000
00000;00000
00000;00000
00000;00000
00000;00000
00000;00000
00000;00000
00000;00000
00000;00000
00000;00000
00000;00000
00000;00000
00000;00000
00000;00000
00000;00000
00000;00000
00000;00000
00000;00000
00000;00000
00000;00000
00000;00000
00000;00000
00000;00000
00000;00000
00000;00000
00000;00000
00000;00000
00000;00000
00000;00000
00000;00000
00000;00000
00000;00000
00000;00000
00000;00000
00000;00000
00000;00000
00000;00000
00000;00000
00000;00000
00000;00000
00000;00000
00000;00000
00000;00000
00000;00000
00000;00000
00000;00000
00000;00000
00000;00000
00000;00000
00000;00000
00000;00000
00000;00000
00000;00000
00000;00000
00000;00000
00000;00000
00000;00000
00000;00000
00000;00000
00000;00000
00000;00000
00000;00000
00000;00000
00000;00000
00000;00000
00000;00000
00000;00000
