005
1.32
PD300-0145
002308 002237 002225
2.00 2.00 2.00
CAFM95
13.03.2020
09:36:49
010
10000
03010
1
02050
01460
0500
3000
0060
0307
02700
01506
3
1
0
0
0
0
+00.0
000.0
+00.0
000.0
0
0
0
0
0
000
00000
0
0
000
000
00000
0
0
0
000
00000


0
0
0
00000
000
00000
0
000
000
000
00000
00000
000
000
00000
000
000
00000
000
000
00000
0
0
0
00000
00000
000
000
00.0
000
000
000
00000
000
000
0
0
0
00000
000
00000
000
000
0
0
0
00000
00000
00000
00000
00000
00000
0
0
000
00000
000
0
000
00000
000
0
00000
000000


WB1
1.1-1.3
00000-00000: 
00000-00000: 
00000-00000: 
00000-00000: 
00000-00000: 
00000-00000: 
3-member connection





00000;00000
00000;00000
00000;00000
00000;00000
00000;00000
00000;00000
00000;00000
00000;00000
00000;00000
00000;00000
00000;00000
00000;00000
00000;00000
00000;00000
00000;00000
00000;00000
00000;00000
00000;00019
00000;00065
00000;00127
00004;00205
00015;00306
00037;00431
00081;00580
00151;00747
00239;00932
00339;01121
00450;01306
00575;01467
00715;01592
00848;01693
00969;01760
01074;01802
01160;01814
01207;01802
01228;01767
01242;01723
01239;01669
01220;01626
01189;01599
01159;01581
01134;01582
01116;01591
01106;01612
01100;01647
01091;01690
01085;01744
01087;01797
01089;01834
01094;01871
01106;01910
01114;01943
01114;01987
01110;02025
01121;02064
01140;02097
01159;02139
01177;02195
01193;02252
01208;02310
01219;02377
01239;02435
01261;02471
01279;02490
01290;02481
01298;02467
01304;02421
01298;02347
01290;02267
01279;02186
01271;02100
01252;02028
01229;01961
01210;01897
01189;01846
01171;01805
01155;01781
01146;01763
01134;01752
01126;01729
01109;01697
01091;01661
01078;01628
01062;01606
01047;01594
01031;01586
01012;01594
00994;01611
00986;01624
00980;01642
00976;01669
00979;01702
00988;01736
00998;01777
01015;01824
01032;01873
01050;01907
01067;01962
01088;02026
01106;02098
01124;02199
01151;02294
01171;02392
01189;02476
01211;02527
01237;02564
01250;02581
01265;02559
01270;02513
01270;02449
01270;02355
01254;02253
01237;02146
01225;02047
01201;01952
01183;01845
01169;01753
01143;01666
01119;01607
01097;01558
01076;01506
01058;01457
01041;01399
01017;01344
00993;01308
00963;01297
00935;01300
00918;01318
00906;01331
00901;01362
00896;01396
00893;01433
00899;01487
00909;01542
00923;01601
00935;01675
00963;01755
00993;01853
01016;01958
01046;02057
01079;02172
01115;02294
01146;02433
01191;02552
01241;02627
01290;02673
01322;02671
01343;02631
01364;02576
01374;02499
01378;02389
01386;02248
01374;02071
01355;01909
01308;01775
01256;01651
01204;01551
01162;01467
01116;01393
01067;01333
01020;01289
00965;01272
00928;01274
00893;01276
00877;01289
00864;01309
00854;01356
00848;01407
00854;01452
00864;01499
00879;01547
00895;01597
00910;01652
00922;01721
00937;01802
00954;01908
00984;02019
01016;02144
01048;02274
01088;02376
01133;02442
01168;02484
01196;02494
01217;02479
01241;02427
01257;02339
01259;02214
01251;02048
01225;01872
01185;01715
01136;01590
01084;01486
01037;01398
00995;01321
00946;01270
00900;01238
00862;01219
00832;01225
00815;01240
00809;01260
00809;01284
00812;01308
00816;01352
00823;01402
00842;01467
00860;01535
00881;01628
00904;01735
00934;01821
00970;01899
00997;01979
01029;02041
01065;02069
01094;02083
01116;02070
01138;02028
01152;01941
01148;01833
01127;01738
01094;01650
01066;01564
01037;01496
01002;01446
00973;01410
00943;01394
00909;01398
00889;01449
00883;01526
00889;01630
00912;01749
00947;01858
00984;01959
01021;02054
01054;02129
01093;02172
01135;02177
01176;02132
01205;02054
01221;01942
01213;01817
01186;01695
01156;01567
01120;01438
01080;01333
01027;01251
00974;01210
00918;01190
00874;01187
00838;01195
00820;01227
00813;01276
00807;01326
00816;01389
00831;01455
00852;01524
00877;01607
00900;01711
00927;01836
00962;01970
01003;02069
01045;02152
01095;02234
01142;02307
01182;02357
01225;02378
01260;02362
01291;02308
01310;02204
01310;02062
01288;01917
01252;01765
01199;01621
01138;01480
01082;01362
01021;01270
00966;01188
00913;01125
00869;01091
00827;01092
00797;01116
00780;01156
00770;01214
00772;01305
00775;01408
00789;01528
00811;01685
00843;01876
00892;02079
00960;02266
01046;02417
01127;02560
01214;02660
01297;02700
01375;02684
01444;02617
01488;02498
01506;02326
01498;02134
01467;01943
01406;01770
01336;01594
01257;01455
01178;01354
01103;01291
01030;01257
00970;01251
00924;01267
00887;01297
00864;01340
00855;01415
00857;01515
00863;01627
00881;01746
00905;01865
00940;01980
00989;02074
01041;02157
01094;02219
01144;02252
01190;02253
01226;02226
01261;02168
01280;02087
01281;01983
01261;01888
01222;01806
01174;01729
01130;01673
01086;01645
01039;01633
00999;01640
00968;01662
00943;01699
00929;01769
00929;01857
00943;01969
00971;02084
01010;02167
01055;02233
01100;02289
01144;02334
01188;02349
01231;02326
01264;02270
01282;02180
01293;02044
01284;01903
01248;01783
01203;01688
01158;01615
01116;01552
01067;01531
01018;01557
00982;01635
00967;01778
00965;01937
00986;02079
01032;02197
01083;02292
01134;02343
01179;02367
01218;02353
01254;02301
01276;02211
01279;02064
01263;01917
01232;01791
01189;01694
01138;01616
01090;01582
01043;01590
01005;01631
00979;01707
00970;01790
00986;01874
01018;01963
01052;02060
01099;02150
01153;02206
01198;02212
01237;02175
01270;02114
01288;02037
01288;01960
01273;01893
01246;01828
01212;01793
01170;01779
01125;01799
01097;01840
01083;01891
01076;01954
01078;02017
01092;02057
01104;02076
01117;02080
01130;02040
01142;01971
01150;01903
01135;01840
01114;01793
01090;01751
01065;01730
01035;01756
01015;01800
01005;01847
01012;01899
01025;01961
01043;02010
01073;02030
01099;02005
01118;01918
01116;01767
01089;01555
01034;01333
00961;01113
00864;00897
00759;00675
00644;00460
00526;00284
00413;00148
00301;00060
00204;00011
00131;00000
00083;00000
00051;00000
00031;00000
00017;00000
00009;00000
00005;00000
00001;00000
00000;00003
00000;00008
00000;00017
00001;00034
00008;00065
00026;00109
00056;00166
00094;00233
00140;00309
00190;00391
00244;00477
00302;00570
00367;00666
00428;00758
00480;00846
00529;00927
00577;00996
00617;01061
00648;01121
00671;01168
00695;01209
00715;01234
00733;01243
00754;01238
00777;01232
00793;01232
00793;01233
00789;01228
00782;01213
00786;01204
00794;01197
00801;01201
00802;01226
00800;01266
00798;01295
00802;01300
00805;01304
00818;01307
00831;01316
00833;01320
00824;01329
00818;01339
00816;01335
00818;01336
00826;01344
00844;01363
00862;01378
00872;01393
00874;01394
00882;01393
00889;01381
00890;01368
00886;01370
00883;01362
00876;01354
00851;01350
00838;01359
00827;01367
00831;01387
00838;01414
00855;01440
00875;01453
00908;01450
00930;01441
00942;01413
00947;01386
00939;01358
00929;01338
00915;01327
00895;01314
00874;01309
00864;01314
00854;01315
00846;01332
00838;01366
00840;01407
00855;01448
00869;01478
00884;01490
00894;01500
00905;01501
00897;01496
00867;01506
00856;01507
00856;01502
00850;01499
00837;01485
00826;01463
00818;01442
00814;01433
00803;01427
00795;01431
00802;01441
00797;01440
00793;01430
00791;01407
00786;01407
00791;01418
00796;01435
00800;01454
00800;01486
00803;01505
00804;01507
00813;01510
00809;01514
00797;01524
00797;01524
00794;01517
00791;01513
00779;01504
00783;01481
00787;01467
00789;01466
00787;01478
00788;01501
00800;01515
00804;01511
00810;01512
00802;01504
00804;01492
00794;01483
00776;01475
00762;01460
00751;01422
00750;01383
00752;01351
00755;01334
00751;01323
00751;01333
00749;01357
00757;01379
00781;01391
00799;01390
00804;01411
00803;01439
00800;01468
00798;01488
00794;01497
00788;01488
00793;01461
00793;01437
00789;01421
00779;01414
00774;01399
00778;01380
00778;01374
00772;01380
00770;01388
00780;01402
00780;01426
00781;01454
00778;01472
00777;01491
00781;01506
00780;01519
00775;01512
00780;01503
00786;01498
00781;01491
00779;01470
00777;01439
00778;01417
00782;01393
00782;01376
00777;01362
00782;01342
00779;01312
00766;01280
00762;01252
00762;01226
00758;01212
00752;01197
00748;01205
00753;01217
00758;01230
00760;01266
00767;01309
00778;01348
00784;01378
00786;01413
00783;01445
00783;01489
00785;01517
00787;01534
00796;01534
00805;01520
00803;01499
00803;01481
00805;01460
00811;01433
00818;01403
00824;01364
00829;01324
00827;01291
00819;01279
00808;01272
00809;01290
00811;01319
00816;01360
00823;01401
00827;01449
00835;01494
00836;01537
00838;01576
00842;01601
00849;01619
00847;01623
00848;01623
00851;01616
00854;01608
00863;01590
00871;01576
00884;01569
00893;01561
00900;01554
00911;01548
00924;01555
00934;01564
00942;01579
00944;01595
00946;01619
00952;01627
00946;01621
00945;01628
00945;01635
00947;01621
00948;01596
00949;01566
00933;01545
00908;01548
00891;01546
00877;01543
00868;01546
00858;01534
00850;01529
00842;01547
00835;01565
00832;01578
00847;01578
00867;01555
00882;01530
00891;01523
00895;01519
00901;01524
00914;01524
00919;01535
00932;01543
00948;01553
00954;01571
00965;01590
00974;01605
00975;01610
00985;01624
00991;01643
00989;01692
00995;01735
00989;01757
00976;01763
00968;01772
00958;01789
00952;01791
00950;01789
00943;01779
00935;01764
00925;01749
00916;01718
00911;01693
00905;01677
00903;01664
00903;01669
00902;01699
00905;01714
00912;01719
00923;01727
00938;01711
00941;01708
00944;01697
00952;01700
00960;01719
00964;01734
00970;01745
00969;01780
00976;01832
00981;01913
00986;02021
00995;02104
01004;02158
01009;02202
01010;02248
01019;02281
01023;02305
01031;02320
01032;02325
01037;02320
01036;02304
01031;02301
01029;02324
01032;02332
01030;02334
01020;02340
01015;02339
01008;02337
01004;02324
01000;02307
01001;02285
01006;02262
01007;02255
01005;02272
01008;02282
01016;02276
01026;02272
01042;02260
01050;02256
01055;02263
01061;02266
01071;02259
01087;02242
01097;02218
01101;02195
01104;02182
01102;02173
01093;02157
01086;02147
01080;02128
01073;02112
01072;02089
01070;02069
01068;02045
01066;02027
01062;01999
01059;01970
01058;01956
01062;01941
01068;01909
01071;01849
01065;01797
01062;01766
01057;01750
01053;01723
01052;01691
01056;01670
01060;01643
01057;01614
01052;01582
01048;01563
01050;01555
01044;01534
01038;01507
01033;01484
01030;01473
01024;01454
01015;01444
01006;01432
00997;01431
00989;01431
00977;01435
00968;01457
00966;01483
00968;01499
00965;01507
00961;01530
00963;01553
00967;01578
00975;01597
00980;01610
00984;01610
00987;01593
00986;01568
00983;01551
00974;01547
00968;01548
00967;01556
00959;01558
00949;01566
00941;01575
00929;01609
00918;01651
00903;01669
00889;01676
00885;01672
00877;01644
00870;01609
00877;01581
00876;01546
00870;01514
00860;01471
00852;01434
00849;01419
00849;01405
00847;01388
00848;01385
00844;01385
00831;01383
00824;01375
00817;01367
00814;01358
00819;01337
00826;01322
00828;01309
00831;01301
00823;01293
00809;01278
00803;01269
00800;01270
00798;01265
00800;01260
00788;01265
00776;01264
00765;01274
00753;01282
00748;01290
00746;01312
00741;01324
00734;01335
00734;01355
00738;01366
00749;01367
00755;01364
00764;01344
00774;01322
00783;01296
00788;01260
00790;01221
00789;01187
00785;01153
00778;01120
00770;01094
00770;01087
00767;01091
00761;01093
00757;01092
00764;01084
00768;01093
00767;01093
00764;01091
00760;01095
00756;01099
00750;01087
00746;01073
00743;01047
00742;01031
00729;01035
00720;01023
00723;01017
00724;01010
00720;01009
00720;01007
00720;01004
00726;01002
00727;01012
00725;01021
00733;01021
00737;01020
00735;01020
00738;01029
00750;01035
00768;01046
00784;01074
00800;01097
00812;01123
00823;01148
00821;01174
00824;01207
00828;01227
00830;01255
00821;01280
00810;01292
00800;01296
00780;01325
00770;01350
00772;01357
00784;01357
00788;01352
00796;01370
00808;01367
00822;01365
00830;01369
00839;01366
00854;01345
00865;01322
00860;01318
00856;01323
00859;01331
00861;01324
00863;01328
00868;01324
00869;01319
00871;01311
00878;01301
00881;01302
00894;01297
00909;01289
00918;01277
00919;01262
00918;01241
00921;01217
00927;01190
00932;01166
00927;01147
00931;01121
00925;01088
00918;01041
00915;00991
00912;00934
00899;00860
00867;00789
00830;00732
00789;00694
00752;00669
00712;00650
00688;00637
00679;00635
00673;00655
00670;00713
00686;00804
00731;00918
00783;01017
00847;01098
00906;01161
00964;01226
01010;01301
01036;01380
01064;01448
01095;01495
01117;01531
01123;01565
01129;01620
01130;01685
01136;01748
01143;01814
01149;01870
01158;01928
01164;01977
01167;02008
01171;02034
01175;02032
01173;02017
01168;01999
01163;01981
01153;01952
01150;01924
01147;01891
01142;01873
01139;01864
01137;01842
01139;01838
01147;01845
01150;01853
01151;01871
01160;01873
01170;01877
01178;01903
01186;01909
01191;01912
01196;01917
01193;01927
01190;01961
01188;01984
01189;01992
01187;01993
01183;01995
01176;01980
01168;01975
01167;01977
01170;01986
01181;01979
01183;01936
01189;01890
01187;01853
01184;01840
01184;01834
01181;01832
01184;01830
01186;01822
01182;01818
01175;01826
01171;01843
01165;01865
01171;01870
01175;01882
01175;01908
01179;01943
01180;01960
01180;01982
01179;02006
01181;02041
01185;02084
01191;02134
01190;02182
01189;02211
01196;02227
01203;02228
01205;02213
01203;02183
01204;02153
01204;02108
01207;02037
01206;01957
01209;01898
01213;01847
01211;01783
01208;01723
01204;01703
01209;01708
01212;01712
01216;01721
01217;01746
01217;01785
01211;01831
01201;01883
01200;01938
01197;01973
01197;01991
01188;01993
01180;01993
01174;01983
01172;01956
01174;01925
01184;01877
01196;01832
01198;01800
01202;01782
01206;01791
01211;01818
01215;01855
01219;01899
01222;01943
01224;01965
01226;02001
01218;02025
01212;02020
01207;01998
01201;01953
01199;01894
01196;01824
01189;01745
01179;01672
01163;01619
01149;01569
01142;01542
01139;01531
01137;01544
01133;01590
01130;01662
01129;01737
01132;01829
01134;01923
01149;02024
01161;02085
01170;02103
01177;02103
01178;02094
01183;02069
01192;02027
01205;01982
01213;01915
01222;01843
01220;01799
01217;01808
01212;01843
01207;01872
01208;01892
01206;01918
01199;01925
01187;01913
01173;01903
01160;01897
01154;01864
01146;01803
01138;01735
01132;01684
01123;01640
01115;01600
01109;01564
01102;01543
01097;01546
01096;01560
01091;01602
01087;01673
01090;01751
01098;01830
01109;01908
01121;01972
01132;02028
01147;02059
01169;02068
01187;02043
01199;01985
01208;01897
01207;01812
01198;01728
01186;01648
01173;01558
01163;01483
01144;01442
01119;01424
01095;01434
01078;01441
01069;01458
01068;01497
01073;01545
01081;01586
01096;01623
01105;01657
01119;01673
01130;01669
01138;01652
01139;01626
01135;01592
01124;01530
01112;01461
01093;01401
01063;01346
01035;01294
01008;01252
00979;01222
00956;01210
00939;01207
00927;01218
00921;01255
00919;01302
00924;01369
00936;01464
00955;01554
00985;01644
01020;01726
01056;01782
01088;01822
01116;01865
01143;01883
01164;01868
01176;01819
01181;01740
01178;01668
01158;01593
01132;01524
01104;01465
01076;01411
01051;01350
01023;01305
00997;01296
00979;01305
00962;01338
00951;01388
00953;01455
00965;01526
00983;01592
01008;01670
01035;01750
01066;01821
01096;01852
01122;01858
01146;01825
01163;01764
01166;01699
01158;01619
01138;01544
01111;01468
01082;01384
01048;01312
01017;01292
00994;01315
00980;01389
00974;01485
00984;01576
01014;01667
01052;01765
01093;01888
01134;01988
01177;02045
01213;02074
01239;02052
01253;01985
01262;01893
01254;01791
01225;01692
01184;01595
01144;01491
01105;01443
01068;01440
01038;01452
01016;01508
01010;01601
01014;01705
01033;01803
01063;01912
01103;02021
01142;02123
01180;02190
01214;02200
01246;02186
01269;02153
01274;02123
01266;02071
01244;02032
01220;02003
01192;01995
01168;02029
01149;02048
01143;02096
01151;02143
01166;02193
01189;02244
01216;02265
01246;02248
01265;02191
01280;02092
01286;01939
01280;01802
01252;01668
01201;01548
01148;01433
01097;01298
01047;01215
01002;01176
00966;01165
00934;01184
00908;01211
00895;01251
00896;01323
00910;01426
00928;01545
00955;01674
00991;01777
01030;01870
01076;01954
01121;02042
01161;02121
01191;02143
01213;02121
01228;02064
01233;01997
01226;01926
01205;01894
01178;01873
01147;01862
01128;01860
01119;01862
01121;01872
01127;01899
01136;01930
01151;01936
01160;01915
01163;01865
01168;01805
01171;01735
01156;01665
01128;01622
01092;01609
01062;01580
01039;01555
01025;01586
01019;01651
01020;01697
01024;01723
01022;01734
01030;01728
01046;01674
01058;01594
01060;01528
01045;01474
01017;01403
00989;01335
00970;01313
00954;01318
00950;01344
00950;01405
00952;01494
00964;01594
00988;01679
01021;01731
01054;01751
01078;01728
01086;01681
01086;01628
01073;01571
01047;01488
01019;01426
00987;01375
00957;01355
00935;01359
00927;01410
00922;01483
00931;01548
00949;01612
00981;01681
01012;01749
01037;01750
01055;01719
01061;01660
01057;01606
01043;01515
01025;01421
01001;01353
00971;01288
00934;01231
00905;01166
00886;01130
00877;01122
00872;01121
00872;01116
00870;01098
00867;01057
00851;00968
00819;00865
00776;00745
00725;00620
00662;00497
00591;00384
00521;00282
00445;00179
00371;00090
00299;00028
00244;00006
00206;00000
00178;00000
00157;00000
00141;00000
00132;00000
00124;00000
00118;00000
00115;00000
00112;00000
00110;00000
00109;00000
00108;00000
00108;00000
00107;00000
00107;00000
00106;00000
00105;00000
00104;00000
00104;00000
00103;00000
00104;00000
00104;00000
00104;00000
00104;00000
00103;00000
00103;00000
00104;00000
00104;00000
00103;00000
00104;00000
00104;00000
00104;00000
00103;00000
00103;00000
00103;00000
00104;00000
00105;00000
00105;00000
00105;00000
00104;00000
00103;00000
00103;00000
00103;00000
00103;00000
00103;00000
00103;00000
00103;00000
00103;00000
00104;00000
00104;00000
00105;00000
00105;00000
00106;00000
00106;00000
00107;00000
00107;00000
00108;00000
00109;00000
00111;00000
00112;00000
00113;00000
00114;00000
00115;00000
00116;00000
00116;00000
00117;00000
00117;00000
00117;00000
00117;00000
00117;00000
00118;00000
00119;00000
00119;00000
00120;00000
00120;00000
00121;00000
00121;00000
00122;00000
00122;00000
00122;00000
00122;00000
00122;00000
00123;00000
00123;00000
00124;00000
00124;00000
00123;00000
00123;00000
00123;00000
00122;00000
00122;00000
00121;00000
00119;00000
00117;00000
00115;00000
00113;00000
00112;00000
00109;00000
00107;00000
00105;00000
00103;00000
00101;00000
00100;00000
00099;00000
00098;00000
00098;00000
00099;00000
00099;00000
00100;00000
00102;00000
00103;00000
00105;00000
00106;00000
00108;00000
00109;00000
