004
1.32
PD300-0145
002308 002237 002225
2.00 2.00 2.00
CAFM95
13.03.2020
09:28:20
010
10000
03010
1
02050
01545
0500
3000
0066
0303
02697
01175
3
1
0
0
0
0
+00.0
000.0
+00.0
000.0
0
0
0
0
0
000
00000
0
0
000
000
00000
0
0
0
000
00000


0
0
0
00000
000
00000
0
000
000
000
00000
00000
000
000
00000
000
000
00000
000
000
00000
0
0
0
00000
00000
000
000
00.0
000
000
000
00000
000
000
0
0
0
00000
000
00000
000
000
0
0
0
00000
00000
00000
00000
00000
00000
0
0
000
00000
000
0
000
00000
000
0
00000
000000


EB1
1.1
00000-00000: 
00000-00000: 
00000-00000: 
00000-00000: 
00000-00000: 
00000-00000: 
Vertical measurement





00000;00000
00000;00000
00000;00000
00000;00000
00000;00000
00000;00000
00000;00000
00000;00000
00000;00000
00000;00000
00000;00000
00000;00000
00000;00000
00000;00000
00000;00000
00000;00000
00000;00009
00000;00024
00000;00052
00000;00078
00001;00111
00007;00154
00025;00213
00057;00293
00101;00387
00157;00486
00222;00596
00299;00710
00377;00810
00456;00918
00538;01025
00619;01126
00687;01196
00738;01242
00773;01266
00795;01282
00804;01269
00805;01245
00804;01230
00795;01208
00790;01188
00782;01160
00777;01136
00772;01115
00772;01096
00766;01120
00762;01238
00759;01348
00757;01392
00765;01424
00767;01462
00772;01514
00771;01558
00771;01599
00778;01647
00793;01654
00804;01597
00809;01544
00814;01550
00817;01563
00817;01557
00805;01549
00800;01557
00793;01555
00786;01540
00780;01511
00778;01466
00782;01423
00788;01378
00788;01345
00787;01316
00790;01288
00790;01274
00786;01281
00778;01313
00767;01371
00760;01548
00755;01691
00753;01755
00749;01760
00748;01797
00748;01931
00743;02016
00745;02024
00758;02013
00762;02022
00765;01931
00767;01838
00760;01796
00759;01789
00757;01732
00751;01569
00746;01450
00742;01416
00725;01401
00720;01360
00719;01316
00711;01303
00708;01325
00708;01354
00715;01384
00725;01415
00740;01434
00762;01425
00786;01404
00800;01383
00803;01353
00811;01328
00820;01308
00824;01329
00821;01391
00822;01451
00822;01509
00812;01577
00804;01651
00800;01688
00800;01683
00794;01675
00788;01667
00783;01621
00786;01555
00787;01482
00789;01427
00793;01383
00795;01333
00797;01309
00803;01296
00809;01287
00810;01281
00811;01335
00808;01418
00825;01485
00832;01522
00826;01551
00824;01577
00822;01589
00814;01612
00804;01629
00801;01630
00796;01588
00780;01534
00745;01526
00731;01537
00739;01526
00749;01505
00758;01495
00769;01490
00786;01491
00793;01497
00800;01497
00814;01491
00829;01480
00833;01486
00830;01526
00821;01565
00819;01597
00826;01622
00825;01633
00830;01631
00837;01616
00843;01594
00850;01561
00862;01516
00870;01480
00874;01473
00883;01492
00892;01519
00904;01555
00913;01575
00922;01575
00919;01557
00912;01544
00898;01527
00889;01502
00882;01458
00863;01400
00833;01352
00807;01302
00789;01275
00777;01270
00780;01274
00786;01267
00798;01276
00804;01284
00818;01316
00834;01376
00851;01415
00868;01428
00885;01441
00901;01449
00910;01460
00910;01471
00909;01478
00906;01481
00891;01459
00882;01410
00890;01361
00900;01330
00908;01295
00905;01270
00903;01245
00908;01222
00905;01196
00908;01161
00920;01125
00924;01096
00913;01083
00896;01081
00873;01099
00859;01130
00850;01172
00853;01221
00861;01329
00866;01431
00870;01518
00879;01578
00899;01621
00912;01652
00924;01672
00932;01687
00948;01692
00958;01680
00968;01608
00983;01553
01001;01515
01021;01483
01042;01454
01058;01450
01062;01453
01071;01461
01071;01488
01074;01539
01080;01606
01079;01671
01069;01743
01051;01840
01023;01939
01006;01996
01008;02037
01007;02043
01005;02014
01000;01960
00995;01877
00986;01786
00980;01687
00977;01566
00972;01449
00973;01361
00971;01282
00967;01226
00958;01180
00944;01141
00929;01120
00921;01109
00921;01111
00917;01122
00914;01140
00906;01165
00895;01190
00879;01224
00866;01259
00855;01300
00842;01322
00827;01319
00806;01302
00792;01284
00786;01254
00786;01218
00785;01191
00793;01158
00805;01123
00830;01086
00846;01054
00860;01047
00879;01040
00896;01039
00904;01050
00910;01068
00918;01089
00928;01111
00940;01139
00942;01178
00946;01221
00960;01268
00974;01343
00980;01435
00983;01540
00981;01639
00983;01718
00981;01784
00970;01832
00964;01868
00958;01871
00946;01844
00917;01789
00893;01717
00877;01642
00874;01570
00880;01501
00883;01432
00894;01373
00901;01316
00913;01288
00920;01267
00937;01256
00952;01248
00971;01228
00992;01207
00997;01199
00995;01207
00983;01230
00974;01259
00969;01291
00976;01330
00976;01377
00980;01440
00975;01518
00954;01580
00937;01631
00929;01660
00921;01673
00917;01669
00908;01650
00887;01619
00878;01575
00875;01496
00870;01414
00875;01342
00881;01271
00894;01213
00908;01149
00913;01088
00921;01037
00932;01005
00939;00985
00938;00975
00945;00952
00947;00938
00946;00925
00944;00915
00940;00924
00938;00942
00929;00972
00922;00999
00923;01016
00925;01044
00929;01084
00931;01136
00935;01207
00937;01287
00938;01370
00944;01450
00950;01518
00949;01577
00942;01620
00934;01646
00916;01653
00901;01639
00886;01608
00876;01573
00872;01532
00866;01478
00868;01424
00880;01373
00895;01343
00911;01319
00930;01304
00955;01294
00984;01286
00998;01268
01011;01242
01021;01228
01026;01232
01033;01244
01035;01255
01035;01282
01042;01340
01044;01386
01042;01421
01051;01489
01065;01603
01081;01697
01094;01776
01109;01852
01121;01946
01128;02059
01130;02144
01133;02217
01138;02280
01127;02280
01115;02221
01101;02161
01080;02090
01054;02016
01043;01930
01032;01804
01019;01676
01021;01561
01019;01460
01031;01386
01035;01330
01040;01299
01055;01280
01073;01257
01079;01236
01088;01222
01097;01207
01091;01199
01087;01193
01087;01187
01083;01174
01078;01166
01073;01157
01062;01164
01049;01179
01047;01191
01044;01216
01031;01255
01013;01302
00987;01357
00966;01432
00948;01501
00923;01580
00902;01622
00881;01634
00854;01642
00830;01634
00817;01606
00817;01571
00825;01535
00836;01486
00842;01432
00851;01362
00866;01304
00874;01261
00879;01228
00883;01200
00891;01165
00896;01137
00891;01107
00885;01068
00883;01033
00877;01006
00864;00995
00858;00989
00856;00978
00859;00976
00860;00988
00858;01009
00856;01024
00852;01049
00848;01070
00851;01109
00860;01127
00862;01150
00863;01191
00861;01225
00858;01264
00853;01285
00855;01306
00856;01337
00855;01371
00851;01391
00847;01425
00846;01435
00849;01414
00850;01387
00852;01349
00851;01317
00847;01292
00847;01261
00850;01241
00853;01221
00861;01208
00868;01199
00875;01203
00875;01216
00870;01242
00866;01273
00866;01305
00868;01319
00867;01315
00868;01307
00866;01289
00865;01292
00858;01312
00858;01312
00862;01300
00868;01281
00862;01305
00856;01333
00857;01329
00858;01332
00857;01342
00854;01337
00862;01326
00868;01342
00874;01363
00875;01381
00888;01359
00896;01336
00899;01353
00900;01375
00904;01400
00910;01432
00906;01465
00901;01508
00898;01559
00893;01621
00888;01663
00889;01704
00885;01735
00887;01755
00889;01761
00891;01758
00896;01747
00906;01709
00923;01653
00942;01586
00953;01532
00965;01489
00980;01445
00990;01413
01002;01382
01008;01346
01016;01319
01019;01299
01020;01281
01015;01269
01011;01254
01004;01244
00997;01242
00993;01224
00988;01219
00981;01227
00977;01228
00977;01230
00974;01239
00966;01249
00961;01256
00956;01255
00951;01263
00948;01277
00945;01282
00942;01289
00934;01287
00931;01287
00926;01289
00924;01290
00926;01297
00930;01314
00934;01323
00933;01339
00931;01356
00939;01376
00951;01444
00949;01487
00947;01534
00954;01661
00954;01794
00956;01852
00960;01878
00965;01887
00970;01901
00962;01903
00957;01841
00956;01789
00956;01737
00949;01651
00946;01545
00943;01489
00939;01458
00934;01435
00932;01411
00940;01388
00938;01386
00933;01380
00930;01367
00926;01308
00918;01263
00913;01235
00912;01210
00911;01191
00907;01168
00893;01144
00885;01113
00882;01097
00875;01092
00867;01092
00870;01094
00867;01089
00858;01083
00848;01089
00841;01096
00841;01111
00837;01132
00836;01152
00838;01171
00842;01183
00846;01190
00851;01197
00858;01200
00860;01199
00858;01196
00858;01192
00864;01199
00867;01202
00869;01206
00874;01205
00874;01209
00871;01224
00871;01238
00875;01247
00883;01263
00889;01275
00895;01274
00902;01285
00907;01295
00911;01304
00907;01306
00903;01298
00903;01305
00901;01304
00901;01293
00898;01287
00893;01288
00889;01305
00886;01318
00886;01328
00898;01342
00912;01351
00920;01348
00925;01357
00932;01362
00938;01367
00943;01374
00943;01378
00942;01392
00936;01407
00926;01413
00916;01427
00910;01438
00908;01447
00905;01456
00900;01451
00898;01455
00899;01447
00903;01435
00909;01415
00914;01403
00916;01390
00912;01381
00906;01367
00901;01365
00896;01379
00895;01385
00893;01383
00891;01376
00888;01396
00886;01434
00888;01462
00889;01500
00892;01549
00894;01597
00894;01659
00894;01713
00897;01743
00901;01764
00908;01758
00911;01732
00906;01712
00908;01682
00912;01644
00913;01590
00914;01507
00909;01432
00898;01378
00890;01331
00888;01307
00883;01292
00889;01284
00895;01270
00894;01255
00885;01256
00880;01266
00877;01271
00875;01277
00866;01268
00853;01266
00847;01263
00837;01264
00824;01268
00818;01271
00818;01273
00819;01275
00824;01280
00833;01298
00842;01318
00845;01313
00843;01306
00843;01294
00850;01290
00854;01285
00854;01278
00846;01270
00835;01259
00823;01245
00816;01240
00815;01235
00817;01232
00813;01234
00806;01259
00804;01278
00807;01269
00813;01263
00815;01262
00817;01240
00814;01221
00809;01216
00804;01212
00804;01204
00803;01168
00800;01142
00795;01142
00792;01138
00793;01135
00792;01145
00792;01147
00794;01149
00798;01147
00800;01143
00798;01144
00796;01136
00796;01134
00795;01136
00795;01128
00797;01128
00798;01141
00799;01146
00800;01151
00806;01161
00808;01165
00810;01174
00809;01185
00809;01197
00811;01215
00813;01221
00821;01221
00823;01228
00820;01240
00814;01257
00815;01267
00817;01280
00819;01282
00823;01278
00827;01280
00827;01276
00827;01273
00831;01273
00840;01264
00849;01252
00855;01250
00861;01250
00865;01258
00867;01262
00865;01271
00869;01289
00872;01301
00871;01302
00868;01309
00863;01329
00858;01347
00854;01360
00855;01375
00858;01392
00863;01400
00860;01412
00858;01431
00856;01453
00856;01487
00864;01507
00872;01519
00878;01534
00878;01545
00880;01560
00888;01576
00895;01587
00899;01598
00907;01609
00913;01616
00914;01625
00915;01650
00912;01672
00916;01686
00917;01692
00913;01701
00916;01708
00922;01706
00920;01721
00919;01729
00917;01746
00917;01749
00921;01733
00927;01719
00933;01704
00945;01698
00947;01696
00943;01689
00945;01670
00950;01657
00954;01631
00958;01594
00958;01566
00952;01542
00948;01527
00938;01498
00934;01472
00935;01455
00938;01424
00936;01386
00934;01344
00929;01325
00927;01317
00927;01299
00923;01280
00923;01263
00919;01237
00911;01220
00905;01217
00899;01220
00896;01230
00894;01231
00890;01230
00891;01235
00892;01231
00887;01232
00881;01238
00879;01236
00877;01235
00875;01226
00872;01219
00869;01223
00873;01224
00872;01223
00875;01227
00883;01229
00892;01233
00898;01237
00898;01235
00897;01234
00899;01230
00899;01219
00894;01216
00887;01216
00879;01225
00868;01226
00859;01229
00849;01237
00842;01258
00832;01276
00828;01296
00826;01306
00827;01306
00824;01316
00819;01337
00815;01366
00815;01388
00824;01426
00836;01455
00845;01458
00852;01467
00859;01479
00867;01491
00875;01505
00884;01497
00890;01500
00894;01507
00898;01501
00901;01500
00908;01523
00915;01546
00916;01584
00915;01621
00921;01654
00926;01690
00931;01709
00932;01725
00928;01742
00930;01734
00934;01727
00939;01710
00940;01684
00938;01655
00932;01611
00929;01565
00930;01523
00934;01479
00937;01425
00938;01384
00931;01346
00925;01322
00930;01284
00933;01251
00934;01227
00940;01202
00951;01187
00946;01174
00939;01163
00933;01152
00931;01138
00932;01121
00925;01122
00924;01135
00927;01150
00929;01166
00924;01172
00931;01177
00937;01180
00940;01184
00940;01196
00942;01202
00949;01205
00950;01195
00947;01184
00940;01183
00932;01184
00923;01186
00921;01194
00921;01200
00925;01207
00924;01213
00927;01219
00930;01237
00930;01246
00931;01250
00928;01259
00932;01280
00933;01299
00933;01306
00929;01300
00926;01299
00914;01307
00908;01312
00911;01323
00910;01326
00910;01339
00910;01335
00915;01326
00917;01335
00919;01349
00923;01363
00930;01362
00937;01359
00935;01366
00940;01380
00951;01381
00961;01406
00965;01426
00967;01443
00972;01464
00972;01482
00971;01501
00971;01522
00976;01540
00974;01569
00969;01595
00961;01616
00961;01637
00962;01644
00959;01655
00955;01668
00948;01687
00942;01711
00941;01727
00942;01738
00944;01772
00949;01795
00948;01832
00949;01882
00952;01920
00957;01955
00969;01972
00980;01966
00981;01955
00979;01923
00981;01879
00983;01825
00980;01761
00976;01703
00973;01639
00963;01575
00948;01535
00935;01502
00934;01480
00933;01460
00926;01430
00918;01410
00912;01398
00906;01386
00906;01386
00912;01381
00917;01370
00923;01366
00925;01350
00925;01348
00926;01350
00925;01346
00925;01346
00926;01341
00925;01354
00927;01378
00930;01407
00929;01434
00925;01464
00924;01497
00926;01552
00930;01623
00932;01687
00930;01733
00930;01752
00929;01756
00927;01745
00924;01723
00923;01696
00923;01665
00924;01609
00921;01539
00918;01460
00921;01404
00915;01351
00913;01306
00911;01272
00910;01244
00908;01223
00902;01191
00897;01160
00891;01133
00881;01115
00873;01103
00866;01097
00859;01101
00854;01101
00851;01105
00850;01113
00850;01130
00848;01145
00851;01152
00858;01165
00861;01168
00869;01162
00871;01153
00874;01147
00875;01145
00875;01149
00875;01153
00876;01162
00879;01168
00877;01168
00874;01179
00871;01194
00872;01201
00867;01207
00867;01215
00865;01220
00868;01221
00871;01228
00871;01240
00877;01260
00885;01266
00886;01280
00883;01303
00882;01333
00878;01362
00872;01392
00862;01435
00853;01474
00837;01521
00822;01576
00811;01622
00803;01663
00798;01682
00796;01672
00788;01656
00782;01629
00779;01590
00778;01542
00782;01487
00786;01429
00792;01392
00802;01357
00812;01331
00815;01323
00820;01313
00825;01307
00831;01297
00837;01297
00845;01298
00856;01286
00861;01267
00864;01254
00873;01241
00895;01232
00906;01227
00919;01222
00929;01217
00937;01207
00942;01215
00942;01211
00950;01207
00951;01201
00945;01222
00932;01240
00931;01258
00939;01268
00946;01278
00958;01282
00968;01273
00971;01289
00968;01305
00972;01318
00980;01314
00988;01321
00997;01334
00997;01356
00996;01379
00991;01425
00987;01462
00992;01492
01001;01525
01011;01561
01020;01604
01028;01652
01038;01695
01049;01737
01064;01776
01074;01826
01087;01898
01096;01953
01096;01985
01087;02010
01071;02054
01055;02120
01038;02167
01020;02215
01005;02275
00995;02320
00976;02373
00954;02431
00937;02478
00928;02508
00929;02475
00929;02389
00931;02307
00932;02219
00926;02126
00911;02017
00901;01871
00894;01731
00889;01617
00887;01520
00888;01471
00887;01444
00876;01431
00867;01422
00864;01405
00871;01402
00879;01393
00883;01385
00886;01381
00883;01387
00873;01401
00869;01394
00874;01373
00879;01353
00881;01353
00882;01360
00885;01357
00893;01350
00907;01355
00926;01355
00947;01334
00962;01325
00976;01326
00990;01331
01003;01323
01012;01297
01021;01297
01027;01313
01030;01310
01032;01302
01033;01301
01038;01334
01043;01368
01049;01385
01057;01402
01071;01426
01083;01454
01097;01489
01111;01530
01120;01575
01139;01614
01152;01628
01159;01645
01167;01685
01174;01728
01175;01778
01171;01823
01171;01848
01166;01894
01160;01940
01148;01997
01143;02040
01142;02080
01128;02125
01118;02190
01109;02257
01104;02326
01104;02386
01112;02435
01117;02494
01120;02554
01108;02610
01092;02659
01085;02697
01079;02684
01076;02620
01074;02525
01064;02422
01044;02298
01027;02167
01004;02023
00991;01879
00986;01741
00981;01598
00970;01475
00959;01391
00948;01331
00934;01303
00926;01308
00918;01296
00922;01277
00926;01268
00921;01256
00916;01248
00916;01251
00908;01260
00905;01274
00903;01275
00901;01261
00905;01267
00901;01285
00896;01302
00898;01321
00893;01344
00886;01363
00882;01375
00874;01382
00863;01388
00850;01397
00837;01394
00824;01394
00808;01411
00790;01427
00781;01440
00773;01461
00764;01481
00757;01502
00756;01523
00754;01556
00744;01597
00736;01612
00729;01642
00726;01803
00722;01929
00715;01935
00711;01907
00707;01901
00701;01939
00702;01916
00709;01867
00711;01841
00722;01805
00734;01634
00749;01494
00767;01460
00782;01454
00800;01424
00826;01358
00849;01340
00865;01335
00881;01329
00891;01303
00899;01293
00900;01294
00903;01309
00914;01324
00921;01350
00923;01389
00925;01416
00927;01446
00931;01466
00932;01498
00929;01524
00928;01565
00921;01608
00914;01656
00907;01699
00895;01735
00877;01776
00861;01830
00846;01891
00833;01938
00825;01985
00821;01995
00824;01966
00822;01922
00821;01867
00818;01812
00824;01752
00835;01676
00843;01602
00855;01537
00867;01473
00878;01430
00889;01406
00897;01387
00904;01372
00909;01356
00916;01375
00919;01384
00923;01379
00920;01368
00916;01379
00908;01411
00895;01439
00886;01476
00878;01533
00869;01585
00857;01596
00849;01607
00840;01610
00830;01601
00820;01561
00815;01508
00809;01462
00797;01417
00785;01357
00777;01304
00772;01262
00763;01236
00759;01222
00763;01217
00769;01230
00768;01248
00776;01268
00789;01290
00809;01308
00828;01311
00851;01317
00883;01330
00910;01347
00934;01366
00957;01385
00987;01388
01007;01402
01017;01430
01018;01469
01016;01529
01009;01593
00995;01661
00985;01778
00973;01948
00957;02087
00934;02159
00914;02180
00903;02167
00895;02166
00884;02129
00876;02079
00873;02026
00869;01925
00867;01794
00867;01682
00875;01611
00888;01588
00901;01594
00915;01616
00932;01643
00949;01652
00966;01651
00982;01677
00993;01699
01002;01710
01007;01728
01005;01749
01001;01780
00993;01785
00985;01820
00970;01894
00952;01961
00944;01956
00941;01913
00934;01880
00925;01843
00912;01794
00904;01725
00908;01654
00907;01571
00911;01463
00911;01365
00894;01321
00882;01295
00876;01276
00867;01274
00871;01289
00873;01309
00862;01335
00854;01384
00846;01429
00844;01459
00852;01462
00853;01477
00856;01530
00865;01566
00866;01564
00874;01547
00892;01526
00910;01496
00922;01468
00926;01455
00930;01478
00934;01511
00937;01542
00940;01579
00945;01633
00940;01697
00936;01757
00938;01822
00953;01846
00966;01848
00968;01829
00969;01783
00966;01681
00956;01564
00941;01436
00915;01287
00875;01090
00816;00871
00734;00701
00647;00558
00567;00421
00484;00290
00402;00179
00325;00096
00247;00037
00180;00000
00124;00000
00081;00000
00053;00000
00036;00000
00023;00000
00013;00000
00007;00000
00002;00000
00000;00000
00000;00000
00000;00000
00000;00000
00000;00000
00000;00000
00000;00000
00000;00000
00000;00000
00000;00000
00000;00000
00000;00000
00000;00000
00000;00000
00000;00000
00000;00000
00000;00000
00000;00000
00000;00000
00000;00000
00000;00000
00000;00000
00000;00000
00000;00000
00000;00000
00000;00000
00000;00000
00000;00000
00000;00000
00000;00000
00000;00000
00000;00000
00000;00000
00000;00000
00000;00000
00000;00000
00000;00000
00000;00000
00000;00000
00000;00000
00000;00000
00000;00000
00000;00000
00000;00000
00000;00000
00000;00000
00000;00000
00000;00000
00000;00000
00000;00000
00000;00000
00000;00000
00000;00000
00000;00000
00000;00000
00000;00000
00000;00000
00000;00000
00000;00000
00000;00000
00000;00000
00000;00000
00000;00000
00000;00000
00000;00000
00000;00000
00000;00000
00000;00000
00000;00000
00000;00000
00000;00000
00000;00000
00000;00000
00000;00000
00000;00000
00000;00000
00000;00000
00000;00000
00000;00000
00000;00000
00000;00000
